-7.43211	0.00478309
-6.9703	0.00478309
-6.89341	0.00478309
-6.87627	0.00478309
-6.7743	0.00478309
-6.68257	0.00478309
-6.62397	0.00478309
-6.50957	0.00478309
-6.50129	0.00478309
-6.40248	0.00478309
-6.29085	0.00478309
-6.28556	0.00478309
-6.21513	0.00478309
-6.17006	0.00478309
-5.95155	0.00478309
-5.83429	0.0331627
-5.79888	0.0331627
-5.7715	0.0331627
-5.7103	0.0331627
-5.70022	0.0331627
-5.65941	0.0331627
-5.64914	0.0331627
-5.63949	0.0331627
-5.61406	0.0331627
-5.59505	0.0331627
-5.55633	0.0331627
-5.48422	0.0331627
-5.48371	0.0331627
-5.47018	0.0331627
-5.45074	0.0331627
-5.42976	0.0331627
-5.42351	0.0331627
-5.40755	0.0331627
-5.38243	0.0331627
-5.36585	0.0331627
-5.3647	0.0331627
-5.35388	0.0331627
-5.34864	0.0331627
-5.34241	0.0331627
-5.33406	0.0331627
-5.30571	0.0331627
-5.29512	0.0331627
-5.25667	0.0331627
-5.22303	0.0331627
-5.2213	0.0331627
-5.21155	0.0331627
-5.19603	0.0331627
-5.16574	0.0331627
-5.16232	0.0331627
-5.14169	0.0331627
-5.13961	0.0331627
-5.13627	0.0331627
-5.11145	0.0331627
-5.11143	0.0331627
-5.07169	0.0331627
-5.07041	0.0331627
-5.06252	0.0331627
-5.04419	0.0331627
-5.03347	0.0331627
-5.03077	0.0331627
-5.02039	0.0331627
-4.9715	0.0331627
-4.93863	0.0331627
-4.93655	0.0331627
-4.92323	0.0331627
-4.8947	0.0331627
-4.84835	0.0331627
-4.84409	0.0331627
-4.80097	0.0331627
-4.79603	0.0331627
-4.78568	0.0331627
-4.78267	0.0331627
-4.77734	0.0331627
-4.77345	0.0331627
-4.74553	0.0331627
-4.73144	0.0331627
-4.71688	0.0331627
-4.71347	0.0331627
-4.68761	0.0331627
-4.66936	0.0331627
-4.66286	0.0331627
-4.65991	0.0331627
-4.63324	0.0331627
-4.633	0.0331627
-4.60167	0.0331627
-4.56804	0.0331627
-4.56739	0.0331627
-4.56619	0.0331627
-4.56334	0.0331627
-4.55896	0.0331627
-4.54925	0.0331627
-4.52101	0.0331627
-4.50523	0.0331627
-4.50101	0.0331627
-4.49898	0.0331627
-4.49496	0.0331627
-4.48272	0.0331627
-4.4585	0.0331627
-4.44941	0.0331627
-4.44372	0.0331627
-4.41973	0.0331627
-4.41033	0.0331627
-4.39263	0.0331627
-4.39089	0.0331627
-4.38802	0.0331627
-4.38662	0.0331627
-4.38129	0.0331627
-4.37876	0.0331627
-4.37576	0.0331627
-4.367	0.0331627
-4.35865	0.0331627
-4.35571	0.0331627
-4.34156	0.0331627
-4.32862	0.0331627
-4.32071	0.0331627
-4.31616	0.0331627
-4.30933	0.0331627
-4.3013	0.0331627
-4.29997	0.0331627
-4.28877	0.0765294
-4.28203	0.0765294
-4.28122	0.0765294
-4.27842	0.0765294
-4.27275	0.0765294
-4.23831	0.0765294
-4.23764	0.0765294
-4.23171	0.0765294
-4.20817	0.0765294
-4.19939	0.0765294
-4.19757	0.0765294
-4.19589	0.0765294
-4.19369	0.0765294
-4.17426	0.0765294
-4.17234	0.0765294
-4.16841	0.0765294
-4.16713	0.0765294
-4.15146	0.0765294
-4.14843	0.0765294
-4.13911	0.0765294
-4.12989	0.0765294
-4.12049	0.0765294
-4.10243	0.0765294
-4.09444	0.0765294
-4.06978	0.0765294
-4.04565	0.0765294
-4.03697	0.0765294
-4.03226	0.0765294
-4.0154	0.0765294
-4.01531	0.0765294
-4.01149	0.0765294
-4.00783	0.0765294
-3.99977	0.0765294
-3.99333	0.0765294
-3.9909	0.0765294
-3.98031	0.0765294
-3.96876	0.0765294
-3.95965	0.0765294
-3.95858	0.0765294
-3.94142	0.0765294
-3.93778	0.0765294
-3.91852	0.0765294
-3.91625	0.0765294
-3.91153	0.0765294
-3.90845	0.0765294
-3.89494	0.0765294
-3.89247	0.0765294
-3.89186	0.0765294
-3.8757	0.0765294
-3.87156	0.0765294
-3.86634	0.0765294
-3.86149	0.0765294
-3.83174	0.0765294
-3.82946	0.0765294
-3.82934	0.0765294
-3.82642	0.0765294
-3.82606	0.0765294
-3.82302	0.0765294
-3.82067	0.0765294
-3.81196	0.0765294
-3.81179	0.0765294
-3.79407	0.0765294
-3.79143	0.0765294
-3.78592	0.0765294
-3.76402	0.0765294
-3.74679	0.0765294
-3.74636	0.0765294
-3.73626	0.0765294
-3.73063	0.0765294
-3.72127	0.0765294
-3.71916	0.0765294
-3.71666	0.0765294
-3.70929	0.0765294
-3.70021	0.0765294
-3.69486	0.0765294
-3.69295	0.0765294
-3.68162	0.0765294
-3.6814	0.0765294
-3.6778	0.0765294
-3.6778	0.0765294
-3.669	0.0765294
-3.6589	0.0765294
-3.64785	0.0765294
-3.63229	0.0765294
-3.62953	0.0765294
-3.58398	0.0765294
-3.57505	0.0765294
-3.57134	0.0765294
-3.5707	0.0765294
-3.5472	0.0765294
-3.54103	0.0765294
-3.52559	0.0765294
-3.5247	0.0765294
-3.52461	0.0765294
-3.52323	0.0765294
-3.52275	0.0765294
-3.50888	0.0765294
-3.50303	0.0765294
-3.49942	0.0765294
-3.47694	0.0765294
-3.4748	0.0765294
-3.46435	0.0765294
-3.45987	0.0765294
-3.458	0.0765294
-3.4547	0.0765294
-3.45428	0.0765294
-3.4491	0.0765294
-3.44706	0.0765294
-3.44534	0.0765294
-3.44421	0.0765294
-3.44264	0.0765294
-3.44133	0.0765294
-3.43945	0.0765294
-3.43496	0.0765294
-3.43447	0.0765294
-3.4308	0.0765294
-3.42282	0.0765294
-3.41504	0.0765294
-3.41213	0.0765294
-3.4036	0.0765294
-3.40291	0.0765294
-3.39759	0.0765294
-3.39705	0.0765294
-3.39661	0.0765294
-3.3924	0.0765294
-3.38294	0.0765294
-3.36568	0.0765294
-3.36556	0.0765294
-3.33211	0.0765294
-3.32989	0.0765294
-3.32845	0.0765294
-3.32103	0.0765294
-3.31597	0.0765294
-3.3129	0.0765294
-3.31266	0.0765294
-3.30429	0.0765294
-3.30357	0.0765294
-3.29864	0.0765294
-3.29718	0.0765294
-3.28771	0.0765294
-3.28267	0.0765294
-3.27793	0.0765294
-3.27207	0.0765294
-3.2637	0.0765294
-3.26321	0.0765294
-3.26087	0.0765294
-3.24611	0.0765294
-3.23551	0.0765294
-3.2322	0.0765294
-3.23002	0.0765294
-3.22848	0.0765294
-3.22692	0.0765294
-3.22559	0.0765294
-3.21821	0.0765294
-3.20951	0.0765294
-3.20701	0.0765294
-3.20269	0.0765294
-3.2018	0.0765294
-3.19788	0.0765294
-3.19284	0.0765294
-3.19146	0.0765294
-3.18505	0.0765294
-3.1821	0.0765294
-3.18153	0.0765294
-3.18128	0.0765294
-3.17432	0.0765294
-3.16497	0.0765294
-3.15927	0.0765294
-3.15153	0.0765294
-3.1348	0.0765294
-3.11708	0.0765294
-3.11128	0.0765294
-3.10811	0.0765294
-3.10715	0.0765294
-3.10579	0.0765294
-3.10035	0.0765294
-3.09942	0.0765294
-3.09498	0.0765294
-3.09393	0.0765294
-3.09106	0.0765294
-3.08665	0.0765294
-3.08634	0.0765294
-3.07548	0.0765294
-3.07007	0.0765294
-3.06969	0.0765294
-3.05539	0.0765294
-3.0543	0.0765294
-3.04763	0.0765294
-3.04468	0.0765294
-3.04412	0.0765294
-3.04261	0.0765294
-3.03278	0.0765294
-3.02631	0.0765294
-3.02372	0.0765294
-3.01804	0.0765294
-3.01616	0.0765294
-3.00849	0.0765294
-2.97813	0.0765294
-2.97485	0.0765294
-2.97014	0.0765294
-2.96511	0.0765294
-2.96501	0.0765294
-2.94652	0.0765294
-2.9329	0.0765294
-2.93237	0.0765294
-2.92885	0.0765294
-2.91862	0.0765294
-2.91803	0.0765294
-2.90379	0.0765294
-2.89533	0.0765294
-2.89501	0.0765294
-2.89055	0.0765294
-2.8901	0.0765294
-2.86722	0.0765294
-2.86454	0.0765294
-2.8587	0.0765294
-2.85761	0.0765294
-2.8568	0.0765294
-2.84275	0.0765294
-2.82745	0.0765294
-2.82709	0.0765294
-2.82419	0.0765294
-2.81249	0.0765294
-2.80236	0.0765294
-2.78677	0.0765294
-2.78031	0.0765294
-2.7793	0.0765294
-2.7788	0.0765294
-2.77768	0.0765294
-2.77189	0.0765294
-2.77188	0.0765294
-2.76249	0.0765294
-2.76137	0.0765294
-2.75572	0.0765294
-2.7518	0.0765294
-2.74943	0.0765294
-2.74802	0.0765294
-2.74632	0.0765294
-2.73734	0.0765294
-2.73025	0.0765294
-2.72736	0.116707
-2.71633	0.116707
-2.71335	0.116707
-2.71187	0.116707
-2.70542	0.116707
-2.70422	0.116707
-2.7042	0.116707
-2.69958	0.116707
-2.69246	0.116707
-2.6865	0.116707
-2.67681	0.116707
-2.67588	0.116707
-2.67206	0.116707
-2.66582	0.116707
-2.65762	0.116707
-2.65098	0.116707
-2.65008	0.116707
-2.63595	0.116707
-2.63125	0.116707
-2.62996	0.116707
-2.62436	0.116707
-2.62226	0.116707
-2.59258	0.116707
-2.59155	0.116707
-2.59111	0.116707
-2.58523	0.116707
-2.58419	0.116707
-2.57482	0.116707
-2.56736	0.116707
-2.55723	0.116707
-2.54996	0.116707
-2.54633	0.116707
-2.54431	0.116707
-2.54264	0.116707
-2.5378	0.116707
-2.53323	0.116707
-2.53091	0.116707
-2.52697	0.116707
-2.52677	0.116707
-2.52449	0.116707
-2.51655	0.116707
-2.51415	0.116707
-2.51029	0.116707
-2.50722	0.116707
-2.50368	0.116707
-2.50244	0.116707
-2.50237	0.116707
-2.5014	0.116707
-2.48729	0.116707
-2.48679	0.116707
-2.47735	0.116707
-2.47581	0.116707
-2.4749	0.116707
-2.47117	0.116707
-2.47001	0.116707
-2.46618	0.116707
-2.46277	0.116707
-2.45811	0.116707
-2.45565	0.116707
-2.44715	0.116707
-2.44235	0.116707
-2.44058	0.116707
-2.43036	0.116707
-2.41955	0.116707
-2.41809	0.116707
-2.403	0.116707
-2.4029	0.116707
-2.3927	0.116707
-2.39234	0.116707
-2.38566	0.116707
-2.38472	0.116707
-2.37788	0.116707
-2.37755	0.116707
-2.37001	0.116707
-2.36975	0.116707
-2.3651	0.116707
-2.35763	0.116707
-2.35693	0.116707
-2.35661	0.116707
-2.34173	0.116707
-2.33	0.116707
-2.32182	0.116707
-2.31931	0.116707
-2.31793	0.116707
-2.30545	0.116707
-2.30162	0.116707
-2.29934	0.116707
-2.29862	0.116707
-2.29668	0.116707
-2.29625	0.116707
-2.29518	0.116707
-2.29042	0.116707
-2.28583	0.116707
-2.28513	0.116707
-2.28314	0.116707
-2.28202	0.116707
-2.27105	0.116707
-2.26669	0.116707
-2.26527	0.116707
-2.25783	0.116707
-2.25431	0.116707
-2.23894	0.116707
-2.23856	0.116707
-2.20996	0.116707
-2.20261	0.116707
-2.2026	0.116707
-2.20237	0.116707
-2.19954	0.116707
-2.19339	0.116707
-2.1879	0.116707
-2.18654	0.116707
-2.1779	0.116707
-2.17382	0.116707
-2.17007	0.116707
-2.16667	0.116707
-2.16418	0.116707
-2.16172	0.116707
-2.15737	0.116707
-2.15734	0.116707
-2.15185	0.116707
-2.13989	0.116707
-2.12918	0.116707
-2.12681	0.116707
-2.11348	0.116707
-2.10779	0.116707
-2.10476	0.116707
-2.10244	0.116707
-2.102	0.116707
-2.09196	0.116707
-2.08976	0.116707
-2.07931	0.116707
-2.06725	0.116707
-2.06553	0.116707
-2.06497	0.116707
-2.06251	0.116707
-2.06085	0.116707
-2.05265	0.116707
-2.04825	0.116707
-2.0458	0.116707
-2.04474	0.116707
-2.03752	0.116707
-2.03184	0.116707
-2.02438	0.116707
-2.01786	0.116707
-2.01709	0.116707
-2.01433	0.116707
-2.01275	0.116707
-2.01258	0.116707
-2.00852	0.116707
-1.98909	0.116707
-1.98857	0.116707
-1.98832	0.116707
-1.98598	0.116707
-1.98464	0.116707
-1.98318	0.116707
-1.9781	0.116707
-1.97397	0.116707
-1.97131	0.116707
-1.96519	0.116707
-1.95822	0.116707
-1.95781	0.116707
-1.95067	0.116707
-1.94755	0.116707
-1.9434	0.116707
-1.93548	0.116707
-1.93049	0.116707
-1.92971	0.116707
-1.92628	0.116707
-1.92179	0.116707
-1.91966	0.116707
-1.91748	0.116707
-1.91727	0.116707
-1.91631	0.116707
-1.91491	0.116707
-1.91357	0.116707
-1.9101	0.116707
-1.9012	0.116707
-1.89634	0.116707
-1.89457	0.116707
-1.89332	0.116707
-1.89041	0.116707
-1.88696	0.116707
-1.88657	0.116707
-1.88594	0.116707
-1.88147	0.116707
-1.87853	0.116707
-1.87558	0.116707
-1.86699	0.116707
-1.86607	0.116707
-1.86374	0.116707
-1.86271	0.116707
-1.85875	0.116707
-1.85558	0.116707
-1.8546	0.116707
-1.85185	0.116707
-1.85132	0.116707
-1.84495	0.116707
-1.83564	0.116707
-1.83453	0.116707
-1.82434	0.116707
-1.82276	0.116707
-1.82133	0.116707
-1.82016	0.116707
-1.78388	0.116707
-1.77812	0.116707
-1.77537	0.116707
-1.77241	0.116707
-1.77227	0.116707
-1.77195	0.116707
-1.75418	0.116707
-1.74929	0.116707
-1.73862	0.116707
-1.72878	0.116707
-1.72857	0.116707
-1.72389	0.116707
-1.72308	0.116707
-1.71679	0.116707
-1.71624	0.116707
-1.7153	0.116707
-1.71085	0.116707
-1.70573	0.116707
-1.70303	0.116707
-1.70288	0.116707
-1.70232	0.116707
-1.69741	0.116707
-1.69716	0.116707
-1.69464	0.116707
-1.69392	0.116707
-1.69371	0.116707
-1.69355	0.116707
-1.69132	0.116707
-1.68986	0.116707
-1.68288	0.116707
-1.67421	0.116707
-1.67128	0.116707
-1.66275	0.116707
-1.65258	0.116707
-1.64738	0.116707
-1.64733	0.116707
-1.64291	0.116707
-1.6407	0.116707
-1.63959	0.116707
-1.63738	0.116707
-1.63637	0.116707
-1.63427	0.116707
-1.63117	0.116707
-1.63106	0.116707
-1.63007	0.116707
-1.6297	0.116707
-1.6295	0.116707
-1.62738	0.116707
-1.61315	0.116707
-1.60423	0.116707
-1.60259	0.116707
-1.60052	0.116707
-1.59681	0.116707
-1.59315	0.116707
-1.58959	0.116707
-1.58831	0.116707
-1.58504	0.116707
-1.57381	0.116707
-1.56784	0.116707
-1.5623	0.116707
-1.5578	0.116707
-1.54899	0.116707
-1.53828	0.116707
-1.53465	0.116707
-1.52152	0.116707
-1.5213	0.116707
-1.51688	0.116707
-1.50722	0.116707
-1.50563	0.116707
-1.49868	0.116707
-1.49575	0.116707
-1.49405	0.116707
-1.4924	0.116707
-1.49087	0.116707
-1.48772	0.116707
-1.48693	0.116707
-1.4827	0.116707
-1.47941	0.116707
-1.47319	0.116707
-1.46945	0.116707
-1.46659	0.116707
-1.46459	0.116707
-1.46318	0.116707
-1.45263	0.116707
-1.45196	0.116707
-1.44547	0.116707
-1.44414	0.116707
-1.4367	0.116707
-1.43064	0.116707
-1.42829	0.116707
-1.42473	0.116707
-1.41909	0.116707
-1.4071	0.116707
-1.40168	0.116707
-1.40017	0.116707
-1.39326	0.116707
-1.38692	0.116707
-1.38626	0.116707
-1.38513	0.116707
-1.3832	0.116707
-1.37796	0.116707
-1.37206	0.116707
-1.36905	0.116707
-1.36746	0.116707
-1.35952	0.116707
-1.3577	0.116707
-1.35692	0.116707
-1.35476	0.116707
-1.35047	0.116707
-1.34152	0.116707
-1.33736	0.116707
-1.33607	0.116707
-1.33474	0.116707
-1.3318	0.116707
-1.32784	0.116707
-1.32387	0.116707
-1.32021	0.116707
-1.31558	0.116707
-1.30223	0.116707
-1.29692	0.116707
-1.29389	0.116707
-1.29337	0.116707
-1.29252	0.116707
-1.28912	0.116707
-1.28714	0.116707
-1.28378	0.116707
-1.27443	0.116707
-1.27135	0.116707
-1.27083	0.116707
-1.26971	0.116707
-1.26586	0.116707
-1.26138	0.116707
-1.2603	0.116707
-1.2602	0.116707
-1.25936	0.116707
-1.25918	0.116707
-1.25622	0.116707
-1.25247	0.116707
-1.25147	0.116707
-1.2468	0.116707
-1.24578	0.116707
-1.24556	0.116707
-1.2403	0.116707
-1.24018	0.116707
-1.23787	0.116707
-1.23286	0.116707
-1.21751	0.116707
-1.21522	0.116707
-1.21421	0.116707
-1.20755	0.116707
-1.20272	0.116707
-1.20237	0.116707
-1.19963	0.116707
-1.19361	0.116707
-1.19202	0.116707
-1.19128	0.116707
-1.18893	0.116707
-1.18493	0.116707
-1.18081	0.116707
-1.17689	0.116707
-1.17344	0.116707
-1.1711	0.116707
-1.16354	0.116707
-1.15848	0.115751
-1.15797	0.115751
-1.15685	0.115751
-1.15146	0.115751
-1.15092	0.115751
-1.14213	0.115751
-1.13616	0.115751
-1.13263	0.115751
-1.12979	0.115751
-1.1294	0.115751
-1.11548	0.115751
-1.11104	0.115751
-1.1106	0.115751
-1.10844	0.115751
-1.10592	0.115751
-1.10245	0.115751
-1.1015	0.115751
-1.09472	0.115751
-1.09444	0.115751
-1.09217	0.115751
-1.0844	0.115751
-1.08417	0.115751
-1.07769	0.115751
-1.07582	0.115751
-1.05892	0.115751
-1.05571	0.115751
-1.04876	0.115751
-1.03529	0.115751
-1.03296	0.115751
-1.03106	0.115751
-1.02864	0.115751
-1.02694	0.115751
-1.02678	0.115751
-1.02441	0.115751
-1.01873	0.115751
-1.00491	0.115751
-1.00352	0.115751
-0.996691	0.115751
-0.991438	0.115751
-0.984911	0.115751
-0.978959	0.115751
-0.969158	0.115751
-0.958308	0.115751
-0.958152	0.115751
-0.955093	0.115751
-0.954749	0.115751
-0.952657	0.115751
-0.952388	0.115751
-0.946394	0.115751
-0.946362	0.115751
-0.942788	0.115751
-0.932229	0.115751
-0.930602	0.115751
-0.929755	0.115751
-0.916435	0.115751
-0.914425	0.115751
-0.914327	0.115751
-0.90803	0.115751
-0.905744	0.115751
-0.896636	0.115751
-0.895038	0.115751
-0.869722	0.115751
-0.866343	0.115751
-0.859085	0.115751
-0.850487	0.115751
-0.843037	0.115751
-0.842887	0.115751
-0.840649	0.115751
-0.836368	0.115751
-0.835645	0.115751
-0.831491	0.115751
-0.822089	0.115751
-0.821191	0.115751
-0.812416	0.115751
-0.811862	0.115751
-0.811721	0.115751
-0.807828	0.115751
-0.807161	0.115751
-0.80364	0.115751
-0.791828	0.115751
-0.790614	0.115751
-0.790592	0.115751
-0.789333	0.115751
-0.786479	0.115751
-0.776514	0.115751
-0.769361	0.115751
-0.768618	0.115751
-0.758769	0.115751
-0.756181	0.115751
-0.747765	0.115751
-0.738345	0.115751
-0.738121	0.115751
-0.731547	0.115751
-0.729214	0.115751
-0.727825	0.115751
-0.724294	0.115751
-0.723065	0.115751
-0.708586	0.115751
-0.697259	0.115751
-0.687468	0.115751
-0.682465	0.115751
-0.681437	0.115751
-0.680387	0.115751
-0.668243	0.115751
-0.667307	0.115751
-0.66197	0.115751
-0.659454	0.115751
-0.656245	0.115751
-0.647353	0.115751
-0.642332	0.115751
-0.634097	0.115751
-0.634091	0.115751
-0.617802	0.115751
-0.609431	0.115751
-0.605859	0.115751
-0.599633	0.115751
-0.598778	0.115751
-0.588951	0.115751
-0.586815	0.115751
-0.581703	0.115751
-0.57183	0.115751
-0.568688	0.115751
-0.566787	0.115751
-0.561846	0.115751
-0.556818	0.115751
-0.556331	0.115751
-0.555199	0.115751
-0.554387	0.115751
-0.547869	0.115751
-0.540553	0.115751
-0.537545	0.115751
-0.524765	0.115751
-0.522819	0.115751
-0.519687	0.115751
-0.515268	0.115751
-0.513415	0.115751
-0.50781	0.115751
-0.504707	0.115751
-0.502959	0.115751
-0.500401	0.115751
-0.49049	0.115751
-0.484179	0.115751
-0.480973	0.115751
-0.476059	0.115751
-0.472004	0.115751
-0.468854	0.115751
-0.467941	0.115751
-0.466392	0.115751
-0.459965	0.115751
-0.458539	0.115751
-0.457188	0.115751
-0.452284	0.115751
-0.444935	0.115751
-0.44094	0.115751
-0.439086	0.115751
-0.437204	0.115751
-0.436336	0.115751
-0.433131	0.115751
-0.428509	0.115751
-0.422076	0.115751
-0.420562	0.115751
-0.41813	0.115751
-0.417322	0.115751
-0.413649	0.115751
-0.409577	0.115751
-0.409217	0.115751
-0.407168	0.115751
-0.398026	0.115751
-0.397891	0.115751
-0.396806	0.115751
-0.396664	0.115751
-0.395024	0.115751
-0.394813	0.115751
-0.388043	0.115751
-0.386887	0.115751
-0.384864	0.115751
-0.370089	0.115751
-0.367042	0.115751
-0.366528	0.115751
-0.357055	0.115751
-0.351874	0.115751
-0.350329	0.115751
-0.350194	0.115751
-0.348876	0.115751
-0.338876	0.115751
-0.338788	0.115751
-0.336861	0.115751
-0.333781	0.115751
-0.324616	0.115751
-0.320057	0.115751
-0.311315	0.115751
-0.301716	0.115751
-0.292053	0.115751
-0.27755	0.115751
-0.274407	0.115751
-0.268928	0.115751
-0.264553	0.115751
-0.257037	0.115751
-0.256843	0.115751
-0.253846	0.115751
-0.253816	0.115751
-0.248156	0.115751
-0.247195	0.115751
-0.24531	0.115751
-0.243111	0.115751
-0.234715	0.115751
-0.23457	0.115751
-0.233041	0.115751
-0.225054	0.115751
-0.215078	0.115751
-0.214634	0.115751
-0.207375	0.115751
-0.200159	0.115751
-0.196149	0.115751
-0.192234	0.115751
-0.191229	0.115751
-0.1883	0.115751
-0.177557	0.115751
-0.176684	0.115751
-0.174727	0.115751
-0.17149	0.115751
-0.170595	0.115751
-0.168333	0.115751
-0.16828	0.115751
-0.167106	0.115751
-0.164611	0.115751
-0.163176	0.115751
-0.160847	0.115751
-0.159323	0.115751
-0.158611	0.115751
-0.157222	0.115751
-0.156403	0.115751
-0.155096	0.115751
-0.149938	0.115751
-0.147441	0.115751
-0.146442	0.115751
-0.144496	0.115751
-0.144068	0.115751
-0.130987	0.115751
-0.125562	0.115751
-0.124728	0.115751
-0.120134	0.115751
-0.113996	0.115751
-0.113933	0.115751
-0.110003	0.115751
-0.109907	0.115751
-0.109777	0.115751
-0.101258	0.115751
-0.0899143	0.115751
-0.0892712	0.115751
-0.0787229	0.115751
-0.0769689	0.115751
-0.0737019	0.115751
-0.0711097	0.115751
-0.068849	0.115751
-0.0685529	0.115751
-0.0660402	0.115751
-0.0616084	0.115751
-0.0595469	0.115751
-0.0595295	0.115751
-0.0592006	0.115751
-0.0553958	0.115751
-0.0550026	0.115751
-0.0540496	0.115751
-0.0475333	0.115751
-0.0453206	0.115751
-0.0424471	0.115751
-0.037229	0.115751
-0.0309786	0.115751
-0.0284707	0.115751
-0.0268227	0.115751
-0.0201774	0.115751
-0.00492823	0.115751
0.000868754	0.115751
0.00224742	0.115751
0.00899732	0.115751
0.0137371	0.115751
0.0142882	0.115751
0.0200243	0.115751
0.0204768	0.115751
0.0273179	0.115751
0.0315231	0.115751
0.0353617	0.115751
0.0451932	0.115751
0.0521327	0.115751
0.0528445	0.115751
0.0596564	0.115751
0.0650526	0.115751
0.0660071	0.115751
0.0674393	0.115751
0.067781	0.115751
0.0904267	0.115751
0.0915411	0.115751
0.0942089	0.115751
0.0950716	0.115751
0.0952426	0.115751
0.101924	0.115751
0.104408	0.115751
0.106465	0.115751
0.107953	0.115751
0.112452	0.115751
0.116269	0.115751
0.137305	0.115751
0.148228	0.115751
0.149129	0.115751
0.149297	0.115751
0.1597	0.115751
0.160946	0.115751
0.166491	0.115751
0.183448	0.115751
0.195423	0.115751
0.197971	0.115751
0.1981	0.115751
0.199436	0.115751
0.206043	0.115751
0.210992	0.115751
0.211987	0.115751
0.220967	0.115751
0.225326	0.115751
0.236643	0.115751
0.242897	0.115751
0.248109	0.115751
0.259595	0.115751
0.262083	0.115751
0.262956	0.115751
0.268296	0.115751
0.27001	0.115751
0.270939	0.115751
0.273072	0.115751
0.287981	0.115751
0.289521	0.115751
0.290827	0.115751
0.293779	0.115751
0.299951	0.115751
0.309777	0.115751
0.310987	0.115751
0.313658	0.115751
0.315773	0.115751
0.316999	0.115751
0.322451	0.115751
0.323854	0.115751
0.326603	0.115751
0.327015	0.115751
0.328672	0.115751
0.332545	0.115751
0.336187	0.115751
0.344392	0.115751
0.344878	0.115751
0.349518	0.115751
0.359802	0.115751
0.363578	0.115751
0.363645	0.115751
0.367752	0.115751
0.368134	0.115751
0.370127	0.115751
0.370318	0.115751
0.372624	0.115751
0.375525	0.115751
0.382011	0.115751
0.382457	0.115751
0.393036	0.115751
0.399143	0.115751
0.399287	0.115751
0.408265	0.116707
0.41155	0.116707
0.413305	0.116707
0.413504	0.116707
0.421384	0.116707
0.423814	0.116707
0.426612	0.116707
0.429745	0.116707
0.430938	0.116707
0.432033	0.116707
0.435315	0.116707
0.437371	0.116707
0.437593	0.116707
0.439358	0.116707
0.447565	0.116707
0.447907	0.116707
0.451769	0.116707
0.452841	0.116707
0.455914	0.116707
0.457378	0.116707
0.458755	0.116707
0.463896	0.116707
0.467609	0.116707
0.472137	0.116707
0.474511	0.116707
0.487583	0.116707
0.489696	0.116707
0.492262	0.116707
0.498623	0.116707
0.504327	0.116707
0.507226	0.116707
0.50903	0.116707
0.511386	0.116707
0.512004	0.116707
0.517006	0.116707
0.520757	0.116707
0.524016	0.116707
0.526434	0.116707
0.526437	0.116707
0.54235	0.116707
0.553519	0.116707
0.553732	0.116707
0.554052	0.116707
0.556767	0.116707
0.55695	0.116707
0.559111	0.116707
0.56977	0.116707
0.574998	0.116707
0.577781	0.116707
0.580606	0.116707
0.582499	0.116707
0.583569	0.116707
0.583777	0.116707
0.587293	0.116707
0.594478	0.116707
0.597437	0.116707
0.603653	0.116707
0.606734	0.116707
0.610371	0.116707
0.615778	0.116707
0.618642	0.116707
0.620948	0.116707
0.622677	0.116707
0.6301	0.116707
0.630163	0.116707
0.634758	0.116707
0.640236	0.116707
0.646151	0.116707
0.648614	0.116707
0.649333	0.116707
0.657373	0.116707
0.658408	0.116707
0.660169	0.116707
0.667501	0.116707
0.669117	0.116707
0.671014	0.116707
0.672166	0.116707
0.6746	0.116707
0.675156	0.116707
0.679873	0.116707
0.683626	0.116707
0.684302	0.116707
0.688179	0.116707
0.695247	0.116707
0.696129	0.116707
0.699689	0.116707
0.710221	0.116707
0.718163	0.116707
0.728878	0.116707
0.743531	0.116707
0.746873	0.116707
0.749972	0.116707
0.752907	0.116707
0.753607	0.116707
0.760404	0.116707
0.763457	0.116707
0.76693	0.116707
0.774956	0.116707
0.776111	0.116707
0.78667	0.116707
0.789702	0.116707
0.790685	0.116707
0.793063	0.116707
0.794457	0.116707
0.803563	0.116707
0.808246	0.116707
0.812756	0.116707
0.812757	0.116707
0.815867	0.116707
0.816816	0.116707
0.828093	0.116707
0.835042	0.116707
0.843111	0.116707
0.8446	0.116707
0.846027	0.116707
0.849277	0.116707
0.8511	0.116707
0.854575	0.116707
0.855069	0.116707
0.856827	0.116707
0.857904	0.116707
0.859548	0.116707
0.860205	0.116707
0.864392	0.116707
0.865506	0.116707
0.867598	0.116707
0.87343	0.116707
0.87593	0.116707
0.880932	0.116707
0.88134	0.116707
0.885112	0.116707
0.886161	0.116707
0.886218	0.116707
0.887656	0.116707
0.891027	0.116707
0.897362	0.116707
0.902063	0.116707
0.906281	0.116707
0.907648	0.116707
0.925512	0.116707
0.929281	0.116707
0.92941	0.116707
0.930219	0.116707
0.932022	0.116707
0.944502	0.116707
0.945465	0.116707
0.95209	0.116707
0.953435	0.116707
0.962933	0.116707
0.969929	0.116707
0.976122	0.116707
0.97649	0.116707
0.98132	0.116707
0.986234	0.116707
0.992526	0.116707
0.997811	0.116707
1.00065	0.116707
1.00609	0.116707
1.02125	0.116707
1.03399	0.116707
1.03537	0.116707
1.03577	0.116707
1.04	0.116707
1.04529	0.116707
1.051	0.116707
1.05363	0.116707
1.06608	0.116707
1.06792	0.116707
1.06869	0.116707
1.08098	0.116707
1.08259	0.116707
1.09674	0.116707
1.10835	0.116707
1.1111	0.116707
1.11405	0.116707
1.11519	0.116707
1.11871	0.116707
1.13553	0.116707
1.14911	0.116707
1.15184	0.116707
1.15238	0.116707
1.16007	0.116707
1.16122	0.116707
1.16224	0.116707
1.17726	0.116707
1.18527	0.116707
1.18847	0.116707
1.19346	0.116707
1.19375	0.116707
1.19712	0.116707
1.19801	0.116707
1.2007	0.116707
1.20193	0.116707
1.20661	0.116707
1.2078	0.116707
1.21012	0.116707
1.21299	0.116707
1.21366	0.116707
1.21427	0.116707
1.21625	0.116707
1.22635	0.116707
1.22674	0.116707
1.23062	0.116707
1.23408	0.116707
1.23815	0.116707
1.24134	0.116707
1.24918	0.116707
1.25939	0.116707
1.26194	0.116707
1.27693	0.116707
1.27883	0.116707
1.27905	0.116707
1.27934	0.116707
1.28173	0.116707
1.28318	0.116707
1.28964	0.116707
1.2938	0.116707
1.30382	0.116707
1.30902	0.116707
1.31564	0.116707
1.32092	0.116707
1.32659	0.116707
1.32714	0.116707
1.33311	0.116707
1.33344	0.116707
1.34063	0.116707
1.35062	0.116707
1.35725	0.116707
1.37204	0.116707
1.37372	0.116707
1.38388	0.116707
1.38897	0.116707
1.38937	0.116707
1.39286	0.116707
1.39903	0.116707
1.40123	0.116707
1.40292	0.116707
1.40338	0.116707
1.40496	0.116707
1.4078	0.116707
1.4166	0.116707
1.41778	0.116707
1.43466	0.116707
1.43694	0.116707
1.4371	0.116707
1.43824	0.116707
1.4409	0.116707
1.45363	0.116707
1.45913	0.116707
1.462	0.116707
1.46209	0.116707
1.46426	0.116707
1.46503	0.116707
1.47117	0.116707
1.47282	0.116707
1.47717	0.116707
1.47719	0.116707
1.48374	0.116707
1.49675	0.116707
1.49763	0.116707
1.49926	0.116707
1.49996	0.116707
1.50054	0.116707
1.52006	0.116707
1.52188	0.116707
1.53169	0.116707
1.53219	0.116707
1.54188	0.116707
1.54191	0.116707
1.54558	0.116707
1.54666	0.116707
1.55145	0.116707
1.55312	0.116707
1.55597	0.116707
1.56062	0.116707
1.56467	0.116707
1.57123	0.116707
1.5786	0.116707
1.57892	0.116707
1.58043	0.116707
1.58547	0.116707
1.58917	0.116707
1.59525	0.116707
1.60039	0.116707
1.60064	0.116707
1.6033	0.116707
1.60724	0.116707
1.60989	0.116707
1.61014	0.116707
1.61865	0.116707
1.62373	0.116707
1.62675	0.116707
1.62963	0.116707
1.63001	0.116707
1.6302	0.116707
1.63696	0.116707
1.64245	0.116707
1.64713	0.116707
1.66161	0.116707
1.67719	0.116707
1.68045	0.116707
1.68658	0.116707
1.68846	0.116707
1.69318	0.116707
1.69895	0.116707
1.70847	0.116707
1.71621	0.116707
1.72063	0.116707
1.72441	0.116707
1.73274	0.116707
1.73381	0.116707
1.73541	0.116707
1.73718	0.116707
1.74108	0.116707
1.74382	0.116707
1.75255	0.116707
1.75681	0.116707
1.75813	0.116707
1.75996	0.116707
1.76449	0.116707
1.76471	0.116707
1.7804	0.116707
1.78499	0.116707
1.78808	0.116707
1.79405	0.116707
1.79726	0.116707
1.80062	0.116707
1.81118	0.116707
1.81541	0.116707
1.83009	0.116707
1.83013	0.116707
1.83805	0.116707
1.84328	0.116707
1.84557	0.116707
1.85311	0.116707
1.85661	0.116707
1.87438	0.116707
1.87809	0.116707
1.87828	0.116707
1.8814	0.116707
1.88308	0.116707
1.88381	0.116707
1.88389	0.116707
1.89349	0.116707
1.9051	0.116707
1.91697	0.116707
1.92083	0.116707
1.9234	0.116707
1.9254	0.116707
1.92801	0.116707
1.92911	0.116707
1.93163	0.116707
1.93372	0.116707
1.94608	0.116707
1.94632	0.116707
1.94801	0.116707
1.95065	0.116707
1.95093	0.116707
1.95127	0.116707
1.95372	0.116707
1.9549	0.116707
1.96283	0.116707
1.96331	0.116707
1.96591	0.116707
1.97248	0.116707
1.97373	0.116707
1.98657	0.10459
1.99017	0.10459
1.99185	0.10459
1.99186	0.10459
1.99951	0.10459
1.99981	0.10459
2.00185	0.10459
2.00528	0.10459
2.00786	0.10459
2.00855	0.10459
2.00968	0.10459
2.01233	0.10459
2.01804	0.10459
2.0188	0.10459
2.02398	0.10459
2.02909	0.10459
2.03431	0.10459
2.04457	0.10459
2.05064	0.10459
2.05578	0.10459
2.05789	0.10459
2.05926	0.10459
2.0621	0.10459
2.06261	0.10459
2.06871	0.10459
2.06873	0.10459
2.07003	0.10459
2.0724	0.10459
2.07346	0.10459
2.08156	0.10459
2.08171	0.10459
2.08249	0.10459
2.0885	0.10459
2.09069	0.10459
2.09407	0.10459
2.10122	0.10459
2.10405	0.10459
2.10947	0.10459
2.12717	0.10459
2.13108	0.10459
2.13291	0.10459
2.13581	0.10459
2.13938	0.10459
2.14632	0.10459
2.15635	0.10459
2.15915	0.10459
2.1662	0.10459
2.17171	0.10459
2.17262	0.10459
2.17743	0.10459
2.17956	0.10459
2.18091	0.10459
2.18181	0.10459
2.18297	0.10459
2.18485	0.10459
2.18657	0.10459
2.18883	0.10459
2.19072	0.10459
2.19384	0.10459
2.20002	0.10459
2.20254	0.10459
2.20314	0.10459
2.21889	0.10459
2.21902	0.10459
2.2253	0.10459
2.22813	0.10459
2.22964	0.10459
2.23008	0.10459
2.23506	0.10459
2.23865	0.10459
2.24072	0.10459
2.24159	0.10459
2.24405	0.10459
2.24452	0.10459
2.24632	0.10459
2.25464	0.10459
2.2568	0.10459
2.26186	0.10459
2.27019	0.10459
2.27779	0.10459
2.2802	0.10459
2.28048	0.10459
2.28055	0.10459
2.28235	0.10459
2.28915	0.10459
2.291	0.10459
2.29126	0.10459
2.29375	0.10459
2.29504	0.10459
2.3052	0.10459
2.31332	0.10459
2.31362	0.10459
2.3143	0.10459
2.31838	0.10459
2.32029	0.10459
2.32289	0.10459
2.32625	0.10459
2.32994	0.10459
2.33325	0.10459
2.33456	0.10459
2.33656	0.10459
2.33924	0.10459
2.34207	0.10459
2.3447	0.10459
2.35158	0.10459
2.35627	0.10459
2.35898	0.10459
2.36916	0.10459
2.38087	0.10459
2.40079	0.10459
2.40863	0.10459
2.42372	0.10459
2.42853	0.10459
2.43978	0.10459
2.44062	0.10459
2.44355	0.10459
2.44367	0.10459
2.44778	0.10459
2.46093	0.10459
2.46429	0.10459
2.46605	0.10459
2.46809	0.10459
2.46833	0.10459
2.47756	0.10459
2.4809	0.10459
2.50265	0.10459
2.50402	0.10459
2.51022	0.10459
2.51071	0.10459
2.51465	0.10459
2.51483	0.10459
2.51558	0.10459
2.51676	0.10459
2.51889	0.10459
2.5209	0.10459
2.52178	0.10459
2.53363	0.10459
2.53628	0.10459
2.53863	0.10459
2.54317	0.10459
2.5508	0.10459
2.55481	0.10459
2.55615	0.10459
2.56285	0.10459
2.56529	0.10459
2.5672	0.10459
2.57935	0.10459
2.58178	0.10459
2.6023	0.10459
2.61654	0.10459
2.62288	0.10459
2.623	0.10459
2.62437	0.10459
2.63074	0.10459
2.63234	0.10459
2.63495	0.10459
2.64621	0.10459
2.65363	0.10459
2.66051	0.10459
2.66443	0.10459
2.66791	0.10459
2.67146	0.10459
2.67239	0.10459
2.67477	0.10459
2.68122	0.10459
2.68447	0.10459
2.69704	0.10459
2.70487	0.10459
2.71008	0.10459
2.71516	0.10459
2.71963	0.10459
2.7237	0.10459
2.72414	0.10459
2.72424	0.10459
2.72755	0.10459
2.73475	0.10459
2.73995	0.10459
2.74076	0.10459
2.74143	0.10459
2.74757	0.10459
2.75844	0.10459
2.75897	0.10459
2.76223	0.10459
2.7677	0.10459
2.76816	0.10459
2.78249	0.10459
2.79068	0.10459
2.79293	0.10459
2.79401	0.10459
2.79585	0.10459
2.79794	0.10459
2.806	0.10459
2.80788	0.10459
2.8104	0.10459
2.81242	0.10459
2.81286	0.10459
2.81665	0.10459
2.82599	0.10459
2.82626	0.10459
2.82808	0.10459
2.83021	0.10459
2.83112	0.10459
2.835	0.10459
2.83746	0.10459
2.84445	0.10459
2.84657	0.10459
2.85076	0.10459
2.85113	0.10459
2.87083	0.10459
2.87217	0.10459
2.87662	0.10459
2.87825	0.10459
2.89848	0.10459
2.90281	0.10459
2.92342	0.10459
2.92602	0.10459
2.92913	0.10459
2.93048	0.10459
2.93082	0.10459
2.9321	0.10459
2.93605	0.10459
2.9414	0.10459
2.94219	0.10459
2.94384	0.10459
2.94405	0.10459
2.94603	0.10459
2.94902	0.10459
2.95588	0.10459
2.9565	0.10459
2.95706	0.10459
2.95952	0.10459
2.97452	0.10459
2.97555	0.10459
2.97789	0.10459
2.97966	0.10459
2.98045	0.10459
2.9854	0.10459
2.98591	0.10459
2.99957	0.10459
3.00167	0.10459
3.00699	0.10459
3.01687	0.10459
3.01729	0.10459
3.0254	0.10459
3.03113	0.10459
3.03611	0.10459
3.04007	0.10459
3.06024	0.10459
3.07301	0.10459
3.08877	0.10459
3.09362	0.10459
3.09775	0.10459
3.10943	0.10459
3.12037	0.10459
3.12266	0.10459
3.12343	0.10459
3.12565	0.10459
3.12798	0.10459
3.13054	0.10459
3.13868	0.10459
3.13869	0.10459
3.14	0.10459
3.15683	0.10459
3.16514	0.10459
3.17323	0.10459
3.17329	0.10459
3.17457	0.10459
3.17881	0.10459
3.18014	0.10459
3.18185	0.10459
3.18793	0.10459
3.19211	0.10459
3.19755	0.10459
3.20456	0.10459
3.21791	0.10459
3.21848	0.10459
3.22149	0.10459
3.22194	0.10459
3.22283	0.10459
3.23451	0.10459
3.23736	0.10459
3.24608	0.10459
3.2602	0.10459
3.26061	0.10459
3.26324	0.10459
3.26581	0.10459
3.26683	0.10459
3.27178	0.10459
3.28009	0.10459
3.283	0.10459
3.28545	0.10459
3.28954	0.10459
3.29091	0.10459
3.29124	0.10459
3.31022	0.10459
3.31024	0.10459
3.31064	0.10459
3.31302	0.10459
3.31338	0.10459
3.31965	0.10459
3.34619	0.10459
3.3579	0.10459
3.35938	0.10459
3.35984	0.10459
3.35986	0.10459
3.36105	0.10459
3.37309	0.10459
3.38032	0.10459
3.38522	0.10459
3.3926	0.10459
3.39495	0.10459
3.40375	0.10459
3.40767	0.10459
3.4094	0.10459
3.43609	0.10459
3.43748	0.10459
3.44453	0.10459
3.44887	0.10459
3.45577	0.10459
3.47444	0.10459
3.48012	0.10459
3.48205	0.10459
3.48339	0.10459
3.48885	0.10459
3.48912	0.10459
3.49564	0.10459
3.52011	0.10459
3.53747	0.10459
3.56331	0.0529328
3.58137	0.0529328
3.58877	0.0529328
3.59696	0.0529328
3.61101	0.0529328
3.61557	0.0529328
3.61567	0.0529328
3.6242	0.0529328
3.62931	0.0529328
3.63108	0.0529328
3.6313	0.0529328
3.63246	0.0529328
3.63787	0.0529328
3.65051	0.0529328
3.65204	0.0529328
3.66367	0.0529328
3.6685	0.0529328
3.67246	0.0529328
3.67999	0.0529328
3.68059	0.0529328
3.68616	0.0529328
3.69644	0.0529328
3.70687	0.0529328
3.72456	0.0529328
3.72495	0.0529328
3.73616	0.0529328
3.73753	0.0529328
3.73935	0.0529328
3.73995	0.0529328
3.74447	0.0529328
3.75283	0.0529328
3.76578	0.0529328
3.76805	0.0529328
3.77278	0.0529328
3.78113	0.0529328
3.79492	0.0529328
3.7984	0.0529328
3.81465	0.0529328
3.8244	0.0529328
3.83001	0.0529328
3.83416	0.0529328
3.84677	0.0529328
3.84699	0.0529328
3.85819	0.0529328
3.85947	0.0529328
3.86559	0.0529328
3.86981	0.0529328
3.87291	0.0529328
3.87349	0.0529328
3.87447	0.0529328
3.88886	0.0529328
3.89402	0.0529328
3.89446	0.0529328
3.90888	0.0529328
3.92268	0.0529328
3.9235	0.0529328
3.92856	0.0529328
3.93869	0.0529328
3.97143	0.0529328
3.99511	0.0529328
4.02097	0.0529328
4.03744	0.0529328
4.04526	0.0529328
4.0574	0.0529328
4.06409	0.0529328
4.07289	0.0529328
4.0752	0.0529328
4.07681	0.0529328
4.07735	0.0529328
4.07751	0.0529328
4.08294	0.0529328
4.08341	0.0529328
4.08919	0.0529328
4.10594	0.0529328
4.1092	0.0529328
4.11039	0.0529328
4.11189	0.0529328
4.11397	0.0529328
4.12183	0.0529328
4.12672	0.0529328
4.1281	0.0529328
4.13494	0.0529328
4.16838	0.0529328
4.16946	0.0529328
4.17208	0.0529328
4.18009	0.0529328
4.20177	0.0529328
4.20361	0.0529328
4.2094	0.0529328
4.22343	0.0529328
4.22391	0.0529328
4.23007	0.0529328
4.23696	0.0529328
4.23793	0.0529328
4.24232	0.0529328
4.25785	0.0529328
4.27516	0.0529328
4.27634	0.0529328
4.28066	0.0529328
4.28898	0.0529328
4.29015	0.0529328
4.33403	0.0529328
4.3366	0.0529328
4.33954	0.0529328
4.34378	0.0529328
4.34846	0.0529328
4.35398	0.0529328
4.36226	0.0529328
4.37559	0.0529328
4.39023	0.0529328
4.40302	0.0529328
4.40442	0.0529328
4.40841	0.0529328
4.41426	0.0529328
4.41467	0.0529328
4.41469	0.0529328
4.42742	0.0529328
4.43053	0.0529328
4.43059	0.0529328
4.43293	0.0529328
4.4459	0.0529328
4.44656	0.0529328
4.4729	0.0529328
4.49109	0.0529328
4.49207	0.0529328
4.50541	0.0529328
4.52449	0.0529328
4.5486	0.0529328
4.58506	0.0529328
4.60303	0.0529328
4.61988	0.0529328
4.64003	0.0529328
4.65152	0.0529328
4.6582	0.0529328
4.65988	0.0529328
4.6603	0.0529328
4.68352	0.0529328
4.7106	0.0529328
4.71303	0.0529328
4.71451	0.0529328
4.71733	0.0529328
4.73153	0.0529328
4.74363	0.0529328
4.78128	0.0529328
4.798	0.0529328
4.81123	0.0529328
4.81425	0.0529328
4.81604	0.0529328
4.82045	0.0529328
4.85892	0.0529328
4.90625	0.0529328
4.91003	0.0529328
4.91815	0.0529328
4.92402	0.0529328
4.93653	0.0529328
4.95694	0.0529328
4.96338	0.0529328
4.97737	0.0529328
4.98723	0.0529328
4.98867	0.0529328
5.01442	0.0529328
5.01949	0.0529328
5.0361	0.0529328
5.0874	0.0529328
5.09662	0.0529328
5.097	0.0529328
5.1235	0.0146681
5.12473	0.0146681
5.13203	0.0146681
5.13873	0.0146681
5.14218	0.0146681
5.21613	0.0146681
5.22207	0.0146681
5.23113	0.0146681
5.27171	0.0146681
5.27967	0.0146681
5.3497	0.0146681
5.35604	0.0146681
5.36265	0.0146681
5.37813	0.0146681
5.39804	0.0146681
5.44817	0.0146681
5.45347	0.0146681
5.47118	0.0146681
5.54857	0.0146681
5.63287	0.0146681
5.64097	0.0146681
5.66646	0.0146681
5.68484	0.0146681
5.68599	0.0146681
5.72258	0.0146681
5.7777	0.0146681
5.83241	0.0146681
5.84685	0.0146681
5.97484	0.0146681
6.02679	0.0146681
6.03547	0.0146681
6.04848	0.0146681
6.09668	0.0146681
6.10986	0.0146681
6.1262	0.0146681
6.13386	0.0146681
6.23938	0.0146681
6.25295	0.0146681
6.32299	0.0146681
6.33695	0.0146681
6.40083	0.0146681
6.49085	0.0146681
6.56788	0.0146681
6.5885	0.0146681
6.58891	0.0146681
6.67483	0.0146681
6.7806	0.00159436
7.30048	0.00159436
7.38143	0.00159436
7.46715	0.00159436
7.6833	0.00159436
9.81617	0
