-9.38093	0.000128533
-7.35238	0.0027866
-7.13432	0.00370827
-7.07385	0.00400565
-7.0052	0.0043675
-6.86756	0.00517607
-6.82819	0.00542898
-6.66024	0.00662594
-6.65144	0.00669413
-6.3204	0.00970531
-6.30708	0.00984581
-6.27929	0.0101442
-6.22507	0.0107466
-6.18815	0.0111725
-6.05168	0.0128607
-6.04667	0.0129262
-6.00017	0.013546
-5.97854	0.0138418
-5.97527	0.013887
-5.97419	0.0139019
-5.868	0.0154296
-5.85903	0.015564
-5.80585	0.0163793
-5.80276	0.0164276
-5.78189	0.0167565
-5.73218	0.0175591
-5.67434	0.0185274
-5.6606	0.0187629
-5.65177	0.0189154
-5.63633	0.0191839
-5.61008	0.0196469
-5.54477	0.0208321
-5.51066	0.0214703
-5.48779	0.0219055
-5.48521	0.0219551
-5.467	0.0223065
-5.4599	0.0224444
-5.4107	0.0234168
-5.40007	0.0236305
-5.35479	0.024555
-5.3516	0.0246211
-5.34545	0.0247488
-5.32685	0.0251372
-5.28949	0.0259297
-5.26791	0.0263946
-5.2644	0.0264708
-5.2286	0.027255
-5.22826	0.0272625
-5.22673	0.0272965
-5.20289	0.0278273
-5.1791	0.0283634
-5.17717	0.0284072
-5.16746	0.028628
-5.15928	0.0288147
-5.15314	0.0289555
-5.14736	0.0290885
-5.10859	0.0299892
-5.04705	0.0314533
-5.04332	0.0315433
-5.03626	0.0317141
-5.03066	0.0318502
-5.01961	0.0321194
-5.0158	0.0322126
-5.00188	0.032554
-4.95378	0.0337503
-4.94085	0.034076
-4.93671	0.0341807
-4.93652	0.0341854
-4.87794	0.0356858
-4.86823	0.0359379
-4.84178	0.0366293
-4.79773	0.0377968
-4.78709	0.0380816
-4.76812	0.0385921
-4.72999	0.0396289
-4.72536	0.0397557
-4.70621	0.0402826
-4.6829	0.0409284
-4.66939	0.041305
-4.62668	0.0425063
-4.60826	0.0430292
-4.59216	0.043489
-4.59186	0.0434977
-4.59039	0.0435398
-4.58622	0.043659
-4.57452	0.0439952
-4.56532	0.0442601
-4.54795	0.0447624
-4.53684	0.0450849
-4.53632	0.0451
-4.52484	0.0454341
-4.52117	0.0455412
-4.50181	0.046108
-4.48961	0.0464664
-4.47399	0.0469273
-4.46696	0.0471352
-4.41835	0.0485827
-4.39561	0.0492656
-4.39193	0.0493765
-4.38674	0.049533
-4.38412	0.0496121
-4.37987	0.0497404
-4.37592	0.0498599
-4.37372	0.0499264
-4.36088	0.0503151
-4.33243	0.0511805
-4.32087	0.0515337
-4.31832	0.0516118
-4.29004	0.0524791
-4.288	0.0525418
-4.28639	0.0525914
-4.26294	0.0533147
-4.24807	0.0537745
-4.2139	0.0548361
-4.20931	0.0549791
-4.20859	0.0550016
-4.20196	0.0552085
-4.19666	0.0553739
-4.19634	0.0553838
-4.19632	0.0553846
-4.1915	0.055535
-4.18092	0.0558661
-4.16876	0.0562469
-4.16723	0.056295
-4.14375	0.0570325
-4.13927	0.0571735
-4.13891	0.0571846
-4.12442	0.0576414
-4.11941	0.0577993
-4.11566	0.0579177
-4.09271	0.058643
-4.09044	0.0587147
-4.08435	0.0589076
-4.07928	0.0590682
-4.06959	0.0593753
-4.06077	0.0596551
-4.03383	0.0605115
-4.02696	0.06073
-4.01325	0.0611668
-4.0087	0.0613119
-4.00395	0.0614635
-3.99186	0.0618492
-3.98858	0.0619538
-3.98291	0.0621349
-3.97943	0.0622461
-3.97658	0.0623373
-3.9593	0.0628896
-3.95346	0.0630763
-3.94927	0.0632104
-3.93541	0.0636542
-3.93278	0.0637382
-3.92659	0.0639365
-3.9258	0.0639616
-3.91579	0.0642826
-3.8971	0.0648815
-3.88706	0.0652034
-3.87626	0.0655498
-3.86815	0.06581
-3.86367	0.0659539
-3.86148	0.066024
-3.85464	0.0662435
-3.84238	0.066637
-3.84144	0.0666672
-3.83112	0.0669984
-3.82112	0.0673192
-3.81621	0.0674767
-3.80896	0.0677095
-3.79576	0.068133
-3.79066	0.0682966
-3.78974	0.0683261
-3.78054	0.0686213
-3.77785	0.0687075
-3.77383	0.0688365
-3.77262	0.0688752
-3.77055	0.0689419
-3.76878	0.0689985
-3.76765	0.0690347
-3.76392	0.0691543
-3.75622	0.0694011
-3.75282	0.0695103
-3.74483	0.0697662
-3.72439	0.0704208
-3.72186	0.070502
-3.71982	0.0705673
-3.6992	0.071227
-3.69729	0.0712881
-3.69257	0.0714389
-3.68801	0.0715846
-3.6838	0.0717191
-3.67218	0.0720902
-3.67162	0.0721083
-3.65455	0.0726529
-3.65093	0.0727682
-3.65085	0.0727706
-3.64916	0.0728247
-3.64784	0.0728666
-3.64552	0.0729407
-3.6381	0.073177
-3.62287	0.0736617
-3.62193	0.0736916
-3.62029	0.0737438
-3.60835	0.0741232
-3.60778	0.074141
-3.6044	0.0742484
-3.59205	0.0746404
-3.57443	0.0751984
-3.57175	0.0752833
-3.56085	0.075628
-3.55901	0.075686
-3.55154	0.0759222
-3.53505	0.0764419
-3.53325	0.0764987
-3.52212	0.076849
-3.5186	0.0769596
-3.51402	0.0771037
-3.50745	0.0773098
-3.50602	0.0773548
-3.50372	0.0774269
-3.50225	0.0774731
-3.49892	0.0775774
-3.4974	0.077625
-3.48492	0.0780158
-3.48413	0.0780405
-3.47458	0.078339
-3.47361	0.0783693
-3.47182	0.0784253
-3.4667	0.0785849
-3.45164	0.0790543
-3.44592	0.0792322
-3.44491	0.0792636
-3.44391	0.0792946
-3.44143	0.0793718
-3.4376	0.0794906
-3.42038	0.0800244
-3.41592	0.0801623
-3.41443	0.0802085
-3.40227	0.0805838
-3.40216	0.0805872
-3.39748	0.0807315
-3.38873	0.0810012
-3.38107	0.0812365
-3.36956	0.0815899
-3.3649	0.0817326
-3.36337	0.0817795
-3.36149	0.0818369
-3.35976	0.0818899
-3.35852	0.0819279
-3.35683	0.0819796
-3.35403	0.0820651
-3.34826	0.0822412
-3.33483	0.0826502
-3.33168	0.0827463
-3.33021	0.0827908
-3.3271	0.0828854
-3.32522	0.0829425
-3.31879	0.0831376
-3.31764	0.0831723
-3.31651	0.0832065
-3.31521	0.0832459
-3.31443	0.0832694
-3.3114	0.0833614
-3.31075	0.083381
-3.3065	0.0835095
-3.30617	0.0835196
-3.3059	0.0835277
-3.30583	0.0835298
-3.29782	0.0837716
-3.29129	0.0839684
-3.28653	0.0841118
-3.28334	0.0842078
-3.2826	0.0842298
-3.27846	0.0843543
-3.27734	0.0843878
-3.27694	0.0843998
-3.27646	0.0844142
-3.27184	0.084553
-3.2711	0.0845751
-3.2698	0.084614
-3.26521	0.0847516
-3.26456	0.0847709
-3.25893	0.0849392
-3.2556	0.0850386
-3.24648	0.0853107
-3.23443	0.0856688
-3.23404	0.0856805
-3.23282	0.0857166
-3.22722	0.0858827
-3.22603	0.085918
-3.20862	0.0864322
-3.20495	0.0865403
-3.18601	0.0870965
-3.18406	0.0871536
-3.1793	0.0872928
-3.17509	0.0874157
-3.17038	0.0875531
-3.16488	0.0877132
-3.15895	0.0878858
-3.15854	0.0878977
-3.15564	0.0879818
-3.15196	0.0880884
-3.14829	0.0881947
-3.13914	0.0884593
-3.12734	0.0887992
-3.12707	0.088807
-3.12616	0.0888331
-3.12534	0.0888569
-3.12182	0.0889579
-3.11943	0.0890265
-3.11289	0.0892138
-3.09766	0.0896485
-3.09023	0.08986
-3.08321	0.0900591
-3.08292	0.0900671
-3.08075	0.0901287
-3.07298	0.0903483
-3.06925	0.0904537
-3.06911	0.0904575
-3.06886	0.0904647
-3.05881	0.0907473
-3.05787	0.0907739
-3.05742	0.0907866
-3.0573	0.0907899
-3.05071	0.0909747
-3.03854	0.0913146
-3.03571	0.0913936
-3.03016	0.091548
-3.02914	0.0915763
-3.01275	0.0920303
-3.01131	0.0920701
-3.00669	0.0921975
-3.00647	0.0922036
-3.00315	0.092295
-3.00121	0.0923484
-2.99695	0.0924652
-2.98142	0.0928901
-2.97375	0.0930989
-2.97099	0.093174
-2.9678	0.0932606
-2.96744	0.0932705
-2.96735	0.0932728
-2.96068	0.0934534
-2.96046	0.0934595
-2.95684	0.0935573
-2.94773	0.0938029
-2.9452	0.0938708
-2.92762	0.0943415
-2.90852	0.0948487
-2.90799	0.0948628
-2.90436	0.0949588
-2.9037	0.0949762
-2.8999	0.0950763
-2.87675	0.0956831
-2.86406	0.096013
-2.86043	0.096107
-2.85633	0.0962132
-2.85514	0.0962438
-2.84757	0.0964387
-2.8469	0.0964562
-2.8375	0.0966972
-2.82665	0.0969743
-2.82532	0.0970081
-2.82316	0.0970631
-2.80939	0.0974118
-2.80562	0.097507
-2.79658	0.0977341
-2.78867	0.0979323
-2.78753	0.0979608
-2.78429	0.0980416
-2.78203	0.0980977
-2.78134	0.0981151
-2.77694	0.0982244
-2.77618	0.0982433
-2.77043	0.0983857
-2.76719	0.098466
-2.76396	0.0985456
-2.75663	0.0987262
-2.75566	0.09875
-2.73912	0.0991542
-2.73907	0.0991555
-2.73523	0.0992489
-2.73376	0.0992846
-2.73035	0.0993672
-2.72629	0.0994655
-2.70667	0.0999372
-2.70524	0.0999713
-2.7028	0.10003
-2.70053	0.100084
-2.69611	0.100189
-2.69225	0.100281
-2.69212	0.100284
-2.68103	0.100546
-2.67887	0.100597
-2.67029	0.100798
-2.66769	0.100859
-2.6649	0.100924
-2.65834	0.101077
-2.65588	0.101134
-2.65515	0.101151
-2.65429	0.101171
-2.65422	0.101173
-2.65282	0.101205
-2.65024	0.101265
-2.64683	0.101344
-2.63767	0.101555
-2.63744	0.10156
-2.63708	0.101568
-2.63335	0.101654
-2.61909	0.101979
-2.61889	0.101984
-2.60375	0.102326
-2.58271	0.102796
-2.57374	0.102994
-2.57238	0.103024
-2.56212	0.10325
-2.54335	0.103659
-2.53857	0.103762
-2.53475	0.103844
-2.53468	0.103846
-2.52513	0.10405
-2.51504	0.104265
-2.51302	0.104308
-2.5095	0.104383
-2.50815	0.104411
-2.50396	0.1045
-2.49239	0.104742
-2.48916	0.10481
-2.48079	0.104984
-2.48005	0.104999
-2.47911	0.105018
-2.47755	0.105051
-2.47724	0.105057
-2.46815	0.105244
-2.46704	0.105267
-2.4466	0.105684
-2.4459	0.105698
-2.43756	0.105866
-2.42712	0.106075
-2.42566	0.106104
-2.42351	0.106147
-2.42203	0.106176
-2.42174	0.106182
-2.42152	0.106186
-2.41947	0.106227
-2.40868	0.10644
-2.40633	0.106486
-2.40453	0.106521
-2.40165	0.106578
-2.40026	0.106605
-2.37952	0.107007
-2.37023	0.107185
-2.3572	0.107432
-2.35674	0.107441
-2.35556	0.107463
-2.34603	0.107642
-2.33457	0.107855
-2.32292	0.10807
-2.32107	0.108104
-2.31945	0.108134
-2.31787	0.108163
-2.30718	0.108358
-2.30617	0.108376
-2.3045	0.108406
-2.29839	0.108516
-2.29257	0.108621
-2.28953	0.108675
-2.28825	0.108698
-2.28507	0.108755
-2.26163	0.109168
-2.25984	0.109199
-2.2535	0.109309
-2.23724	0.109589
-2.23	0.109712
-2.22651	0.109771
-2.22419	0.10981
-2.22393	0.109815
-2.22339	0.109824
-2.2128	0.110001
-2.20549	0.110123
-2.2004	0.110207
-2.19662	0.11027
-2.19093	0.110363
-2.19065	0.110368
-2.19026	0.110374
-2.18966	0.110384
-2.18542	0.110453
-2.18467	0.110465
-2.17314	0.110652
-2.16376	0.110802
-2.15895	0.110879
-2.15437	0.110951
-2.14935	0.11103
-2.14823	0.111048
-2.14375	0.111118
-2.14113	0.111159
-2.1333	0.111281
-2.13085	0.111319
-2.12952	0.11134
-2.12757	0.111369
-2.12152	0.111462
-2.12067	0.111476
-2.11657	0.111538
-2.11274	0.111596
-2.11224	0.111604
-2.11133	0.111618
-2.10946	0.111646
-2.09806	0.111818
-2.09615	0.111846
-2.09513	0.111861
-2.09375	0.111882
-2.09065	0.111928
-2.08579	0.112
-2.08335	0.112036
-2.06732	0.11227
-2.0533	0.112472
-2.05309	0.112475
-2.04464	0.112595
-2.03427	0.112741
-2.03352	0.112752
-2.03311	0.112758
-2.02665	0.112848
-2.02257	0.112904
-2.02078	0.112929
-2.01596	0.112995
-2.0148	0.113011
-2.01328	0.113032
-2.01192	0.113051
-2.01088	0.113065
-2.00602	0.113131
-1.99826	0.113236
-1.99689	0.113255
-1.99384	0.113295
-1.99116	0.113331
-1.98599	0.1134
-1.98403	0.113426
-1.98388	0.113428
-1.97866	0.113497
-1.97543	0.11354
-1.96313	0.1137
-1.95975	0.113744
-1.95127	0.113853
-1.94441	0.11394
-1.93497	0.114059
-1.93394	0.114072
-1.93282	0.114086
-1.92754	0.114152
-1.9235	0.114202
-1.91185	0.114345
-1.90116	0.114475
-1.8951	0.114547
-1.89326	0.11457
-1.88795	0.114633
-1.8802	0.114724
-1.87875	0.114741
-1.87358	0.114802
-1.86622	0.114887
-1.86548	0.114896
-1.85391	0.115028
-1.85253	0.115044
-1.8419	0.115164
-1.84166	0.115166
-1.84005	0.115185
-1.83383	0.115254
-1.83323	0.11526
-1.82933	0.115304
-1.82638	0.115336
-1.82497	0.115351
-1.8183	0.115424
-1.81659	0.115443
-1.80433	0.115575
-1.79911	0.11563
-1.79504	0.115673
-1.79099	0.115716
-1.78321	0.115797
-1.78191	0.115811
-1.78091	0.115821
-1.77863	0.115845
-1.76877	0.115946
-1.76609	0.115973
-1.75102	0.116125
-1.75053	0.116129
-1.74257	0.116208
-1.74002	0.116233
-1.73933	0.11624
-1.73917	0.116242
-1.73507	0.116282
-1.73223	0.116309
-1.72311	0.116397
-1.72302	0.116398
-1.72216	0.116406
-1.72105	0.116417
-1.72103	0.116417
-1.71771	0.116449
-1.70482	0.11657
-1.69495	0.116661
-1.69417	0.116669
-1.69064	0.116701
-1.68822	0.116723
-1.68722	0.116732
-1.67959	0.116801
-1.67012	0.116886
-1.66954	0.116891
-1.66338	0.116945
-1.66258	0.116952
-1.66015	0.116974
-1.6601	0.116974
-1.65528	0.117016
-1.64866	0.117073
-1.63763	0.117167
-1.63441	0.117195
-1.63009	0.117231
-1.61967	0.117317
-1.61827	0.117329
-1.61735	0.117336
-1.61691	0.11734
-1.61528	0.117353
-1.61421	0.117362
-1.61188	0.117381
-1.61005	0.117396
-1.60233	0.117458
-1.60214	0.11746
-1.60209	0.11746
-1.59402	0.117524
-1.59229	0.117538
-1.58867	0.117566
-1.57485	0.117674
-1.56244	0.117768
-1.55896	0.117794
-1.55168	0.117848
-1.5466	0.117886
-1.54277	0.117914
-1.53755	0.117952
-1.53605	0.117962
-1.53435	0.117975
-1.53328	0.117982
-1.52482	0.118043
-1.51595	0.118105
-1.51561	0.118107
-1.51477	0.118113
-1.50256	0.118197
-1.49456	0.118252
-1.4894	0.118286
-1.4847	0.118317
-1.48386	0.118323
-1.48003	0.118348
-1.47622	0.118373
-1.47217	0.118399
-1.46495	0.118446
-1.45987	0.118478
-1.45438	0.118513
-1.4532	0.11852
-1.45175	0.118529
-1.43604	0.118626
-1.43517	0.118631
-1.43422	0.118637
-1.43185	0.118651
-1.42937	0.118666
-1.42367	0.1187
-1.42006	0.118721
-1.41987	0.118722
-1.41167	0.11877
-1.41108	0.118774
-1.40975	0.118782
-1.40683	0.118798
-1.40594	0.118804
-1.39757	0.118851
-1.39318	0.118876
-1.39105	0.118888
-1.38752	0.118908
-1.38315	0.118932
-1.38023	0.118948
-1.37883	0.118955
-1.37646	0.118968
-1.37458	0.118979
-1.37391	0.118982
-1.37141	0.118996
-1.37084	0.118999
-1.36875	0.11901
-1.36591	0.119025
-1.35993	0.119057
-1.35937	0.11906
-1.35534	0.119081
-1.35463	0.119085
-1.34785	0.11912
-1.34708	0.119124
-1.34662	0.119126
-1.34279	0.119146
-1.33438	0.119188
-1.32895	0.119215
-1.3276	0.119222
-1.3275	0.119222
-1.32639	0.119228
-1.32069	0.119256
-1.31614	0.119278
-1.31236	0.119296
-1.30524	0.11933
-1.29918	0.119358
-1.2911	0.119396
-1.29096	0.119396
-1.28732	0.119413
-1.28577	0.11942
-1.27928	0.119449
-1.27661	0.119461
-1.26647	0.119506
-1.26085	0.11953
-1.25893	0.119539
-1.25671	0.119548
-1.25177	0.119569
-1.24359	0.119603
-1.24247	0.119608
-1.23952	0.11962
-1.23686	0.119631
-1.23233	0.119649
-1.23173	0.119652
-1.23121	0.119654
-1.22648	0.119673
-1.21579	0.119715
-1.21541	0.119717
-1.21328	0.119725
-1.21204	0.11973
-1.20582	0.119754
-1.19661	0.119789
-1.19646	0.119789
-1.19396	0.119798
-1.19057	0.119811
-1.18337	0.119837
-1.17563	0.119865
-1.16896	0.119889
-1.16451	0.119904
-1.16194	0.119913
-1.15532	0.119936
-1.15369	0.119941
-1.14547	0.119969
-1.14255	0.119979
-1.14222	0.11998
-1.13639	0.119999
-1.13627	0.119999
-1.1271	0.120029
-1.12089	0.120048
-1.10083	0.12011
-1.08977	0.120142
-1.08605	0.120153
-1.0844	0.120158
-1.07725	0.120178
-1.07522	0.120183
-1.07031	0.120197
-1.06713	0.120206
-1.06516	0.120211
-1.06476	0.120212
-1.06289	0.120217
-1.06223	0.120219
-1.05971	0.120226
-1.05904	0.120228
-1.05775	0.120231
-1.05529	0.120238
-1.05142	0.120248
-1.05112	0.120249
-1.04648	0.120261
-1.04272	0.12027
-1.03014	0.120302
-1.0299	0.120303
-1.02859	0.120306
-1.01873	0.12033
-1.01413	0.120341
-1.00274	0.120367
-1.00255	0.120368
-1	0.120374
-0.998594	0.120377
-0.997325	0.12038
-0.996157	0.120382
-0.993897	0.120388
-0.982907	0.120412
-0.979912	0.120418
-0.978081	0.120422
-0.976599	0.120425
-0.973861	0.120431
-0.972159	0.120435
-0.967939	0.120444
-0.966879	0.120446
-0.964468	0.120451
-0.956826	0.120466
-0.948688	0.120483
-0.94608	0.120488
-0.945147	0.120489
-0.944139	0.120491
-0.933485	0.120512
-0.932131	0.120514
-0.928845	0.12052
-0.927399	0.120523
-0.920402	0.120536
-0.90821	0.120557
-0.90564	0.120562
-0.901638	0.120569
-0.901212	0.12057
-0.897376	0.120576
-0.891162	0.120586
-0.888815	0.12059
-0.887995	0.120592
-0.882087	0.120601
-0.881511	0.120602
-0.880606	0.120603
-0.879946	0.120604
-0.869856	0.12062
-0.857395	0.120639
-0.85388	0.120644
-0.848991	0.120651
-0.84841	0.120652
-0.843044	0.12066
-0.841623	0.120662
-0.833609	0.120673
-0.833168	0.120673
-0.83054	0.120677
-0.81916	0.120692
-0.810974	0.120702
-0.806539	0.120708
-0.782961	0.120736
-0.779035	0.12074
-0.778626	0.120741
-0.771901	0.120748
-0.767208	0.120753
-0.762182	0.120759
-0.75854	0.120763
-0.755739	0.120765
-0.743704	0.120777
-0.735783	0.120785
-0.73295	0.120788
-0.730051	0.120791
-0.727476	0.120793
-0.720081	0.1208
-0.717497	0.120802
-0.716587	0.120803
-0.716082	0.120803
-0.71342	0.120805
-0.705538	0.120812
-0.703696	0.120814
-0.696176	0.12082
-0.693435	0.120822
-0.6919	0.120823
-0.687959	0.120827
-0.683309	0.12083
-0.681602	0.120831
-0.678099	0.120834
-0.673419	0.120838
-0.668279	0.120841
-0.663024	0.120845
-0.661617	0.120846
-0.661046	0.120846
-0.658829	0.120848
-0.656658	0.120849
-0.655838	0.12085
-0.65396	0.120851
-0.653696	0.120851
-0.650177	0.120854
-0.649666	0.120854
-0.644757	0.120857
-0.641846	0.120859
-0.640206	0.12086
-0.635825	0.120863
-0.62947	0.120867
-0.628099	0.120868
-0.611414	0.120877
-0.595297	0.120886
-0.594953	0.120886
-0.590713	0.120888
-0.590699	0.120888
-0.589109	0.120889
-0.587438	0.12089
-0.586127	0.120891
-0.573306	0.120897
-0.571364	0.120898
-0.567569	0.120899
-0.56746	0.120899
-0.564955	0.1209
-0.563411	0.120901
-0.562025	0.120902
-0.55863	0.120903
-0.552709	0.120906
-0.540857	0.12091
-0.539347	0.120911
-0.538035	0.120911
-0.53498	0.120913
-0.530868	0.120914
-0.529735	0.120915
-0.514267	0.12092
-0.506544	0.120922
-0.505589	0.120923
-0.503285	0.120924
-0.492641	0.120927
-0.492206	0.120927
-0.490622	0.120927
-0.490528	0.120927
-0.490395	0.120927
-0.487556	0.120928
-0.485901	0.120929
-0.484353	0.120929
-0.482884	0.12093
-0.470999	0.120933
-0.470009	0.120933
-0.467511	0.120934
-0.462569	0.120935
-0.455465	0.120937
-0.454466	0.120937
-0.436949	0.120941
-0.430378	0.120942
-0.426874	0.120943
-0.425369	0.120943
-0.421843	0.120944
-0.421602	0.120944
-0.419582	0.120944
-0.417825	0.120944
-0.412424	0.120945
-0.41009	0.120946
-0.407839	0.120946
-0.404913	0.120947
-0.396756	0.120948
-0.393526	0.120948
-0.393238	0.120948
-0.381135	0.12095
-0.379518	0.12095
-0.379504	0.12095
-0.379236	0.12095
-0.376584	0.120951
-0.375066	0.120951
-0.373413	0.120951
-0.371866	0.120951
-0.36984	0.120952
-0.354338	0.120953
-0.352662	0.120954
-0.346703	0.120954
-0.34479	0.120954
-0.336477	0.120955
-0.329057	0.120956
-0.328399	0.120956
-0.327989	0.120956
-0.323749	0.120956
-0.300144	0.120958
-0.29822	0.120958
-0.294589	0.120959
-0.293068	0.120959
-0.282925	0.120959
-0.278815	0.120959
-0.272637	0.12096
-0.272225	0.12096
-0.267557	0.12096
-0.266838	0.12096
-0.252922	0.120961
-0.251393	0.120961
-0.247295	0.120961
-0.24636	0.120961
-0.235809	0.120961
-0.219382	0.120962
-0.217308	0.120962
-0.212699	0.120962
-0.206275	0.120962
-0.198936	0.120962
-0.198666	0.120962
-0.198252	0.120962
-0.197289	0.120962
-0.195634	0.120962
-0.193953	0.120962
-0.193609	0.120962
-0.179533	0.120963
-0.178565	0.120963
-0.17769	0.120963
-0.175061	0.120963
-0.174532	0.120963
-0.173551	0.120963
-0.172379	0.120963
-0.16651	0.120963
-0.165607	0.120963
-0.15895	0.120963
-0.158473	0.120963
-0.150327	0.120963
-0.14474	0.120963
-0.14272	0.120963
-0.139608	0.120963
-0.137399	0.120963
-0.134482	0.120963
-0.131244	0.120963
-0.130432	0.120963
-0.107694	0.120963
-0.107604	0.120963
-0.104923	0.120963
-0.100612	0.120963
-0.0994095	0.120963
-0.0968754	0.120963
-0.092754	0.120963
-0.0829104	0.120963
-0.0756447	0.120963
-0.0582508	0.120963
-0.0560426	0.120963
-0.0534118	0.120963
-0.0522896	0.120963
-0.0414371	0.120963
-0.0403263	0.120963
-0.0359166	0.120963
-0.0342714	0.120963
-0.0265249	0.120963
-0.0251613	0.120963
-0.0155258	0.120963
-0.00239123	0.120963
-0.00130549	0.120963
0.00111244	0.120963
0.00788904	0.120963
0.0147392	0.120963
0.0204086	0.120963
0.0254366	0.120963
0.028009	0.120963
0.0314444	0.120963
0.0347198	0.120963
0.0422678	0.120963
0.044497	0.120963
0.0473362	0.120963
0.0528825	0.120963
0.0624716	0.120963
0.0666633	0.120963
0.0666654	0.120963
0.0746878	0.120963
0.0906585	0.120963
0.0966184	0.120963
0.100752	0.120963
0.102306	0.120963
0.104002	0.120963
0.104923	0.120963
0.107255	0.120963
0.10745	0.120963
0.112085	0.120963
0.114721	0.120963
0.115468	0.120963
0.125192	0.120963
0.126838	0.120963
0.137241	0.120963
0.151247	0.120963
0.155934	0.120963
0.15791	0.120963
0.160929	0.120963
0.161636	0.120963
0.16321	0.120963
0.166679	0.120963
0.167204	0.120963
0.167867	0.120963
0.175291	0.120963
0.177965	0.120963
0.18124	0.120963
0.182168	0.120963
0.186421	0.120963
0.188921	0.120962
0.189928	0.120962
0.192911	0.120962
0.197444	0.120962
0.214634	0.120962
0.215533	0.120962
0.219749	0.120962
0.228945	0.120962
0.230464	0.120961
0.239564	0.120961
0.242413	0.120961
0.24574	0.120961
0.264299	0.12096
0.264383	0.12096
0.271261	0.12096
0.271311	0.12096
0.275216	0.12096
0.277011	0.12096
0.280001	0.120959
0.280678	0.120959
0.281327	0.120959
0.285142	0.120959
0.285167	0.120959
0.285979	0.120959
0.289907	0.120959
0.292435	0.120959
0.292824	0.120959
0.296878	0.120958
0.299617	0.120958
0.309704	0.120958
0.311931	0.120957
0.314993	0.120957
0.318457	0.120957
0.321389	0.120957
0.3339	0.120955
0.335475	0.120955
0.336649	0.120955
0.344897	0.120954
0.3453	0.120954
0.348158	0.120954
0.354389	0.120953
0.364487	0.120952
0.365754	0.120952
0.371349	0.120951
0.37866	0.12095
0.380109	0.12095
0.380567	0.12095
0.383007	0.12095
0.385504	0.120949
0.386603	0.120949
0.390038	0.120949
0.390893	0.120949
0.392741	0.120948
0.397205	0.120948
0.398369	0.120948
0.411105	0.120945
0.413292	0.120945
0.413491	0.120945
0.419168	0.120944
0.420306	0.120944
0.420646	0.120944
0.420757	0.120944
0.428102	0.120942
0.43099	0.120942
0.433361	0.120941
0.433376	0.120941
0.4369	0.120941
0.440033	0.12094
0.440361	0.12094
0.449373	0.120938
0.459069	0.120936
0.461702	0.120935
0.468239	0.120933
0.470481	0.120933
0.475422	0.120932
0.479013	0.120931
0.479421	0.12093
0.484594	0.120929
0.485337	0.120929
0.503045	0.120924
0.50384	0.120923
0.507989	0.120922
0.511431	0.120921
0.51812	0.120919
0.520567	0.120918
0.520836	0.120918
0.521957	0.120917
0.523187	0.120917
0.527384	0.120915
0.527639	0.120915
0.539579	0.120911
0.540132	0.120911
0.542214	0.12091
0.543182	0.120909
0.544627	0.120909
0.553193	0.120905
0.556509	0.120904
0.558742	0.120903
0.564638	0.120901
0.564711	0.120901
0.567701	0.120899
0.574593	0.120896
0.575639	0.120896
0.57599	0.120895
0.581314	0.120893
0.589535	0.120889
0.590368	0.120888
0.60122	0.120883
0.613751	0.120876
0.631591	0.120866
0.633875	0.120864
0.635005	0.120864
0.639916	0.12086
0.654044	0.120851
0.65524	0.12085
0.655548	0.12085
0.655781	0.12085
0.656814	0.120849
0.657783	0.120849
0.659148	0.120848
0.659326	0.120848
0.663664	0.120845
0.667964	0.120842
0.669891	0.12084
0.675479	0.120836
0.682505	0.120831
0.687312	0.120827
0.699615	0.120817
0.708571	0.12081
0.709212	0.120809
0.710381	0.120808
0.717531	0.120802
0.720487	0.120799
0.727325	0.120793
0.729652	0.120791
0.732712	0.120788
0.732738	0.120788
0.739278	0.120782
0.741091	0.12078
0.760796	0.12076
0.7613	0.12076
0.761369	0.12076
0.76874	0.120752
0.769108	0.120751
0.769852	0.120751
0.770554	0.12075
0.771759	0.120748
0.775449	0.120744
0.778455	0.120741
0.780429	0.120739
0.783155	0.120736
0.784301	0.120734
0.787766	0.12073
0.788467	0.12073
0.791027	0.120727
0.794348	0.120723
0.811824	0.120701
0.81624	0.120696
0.826149	0.120683
0.83698	0.120668
0.840802	0.120663
0.841908	0.120661
0.849597	0.12065
0.851265	0.120648
0.852686	0.120646
0.865528	0.120627
0.872336	0.120616
0.876317	0.12061
0.883368	0.120599
0.883697	0.120598
0.892086	0.120585
0.893516	0.120582
0.901386	0.120569
0.901478	0.120569
0.901903	0.120568
0.902304	0.120568
0.906719	0.12056
0.920826	0.120535
0.927689	0.120523
0.933426	0.120512
0.936449	0.120506
0.936775	0.120506
0.939263	0.120501
0.940601	0.120498
0.946305	0.120487
0.948814	0.120482
0.954727	0.120471
0.959565	0.120461
0.966674	0.120446
0.968168	0.120443
0.976929	0.120425
0.984868	0.120408
0.988885	0.120399
0.991869	0.120392
0.994204	0.120387
1.00507	0.120362
1.00548	0.120361
1.02415	0.120317
1.02751	0.120309
1.03012	0.120302
1.0408	0.120275
1.04332	0.120269
1.05334	0.120243
1.05435	0.12024
1.0632	0.120216
1.06442	0.120213
1.06951	0.120199
1.07505	0.120184
1.07997	0.12017
1.08244	0.120163
1.08657	0.120151
1.0868	0.120151
1.08936	0.120143
1.09213	0.120135
1.0927	0.120134
1.09421	0.120129
1.09547	0.120125
1.10862	0.120086
1.11237	0.120075
1.11784	0.120058
1.11921	0.120054
1.13497	0.120004
1.13904	0.11999
1.14334	0.119976
1.14487	0.119971
1.15436	0.119939
1.15692	0.119931
1.15733	0.119929
1.1727	0.119876
1.17377	0.119872
1.17498	0.119868
1.17797	0.119857
1.19413	0.119798
1.20227	0.119767
1.20937	0.11974
1.21472	0.119719
1.21836	0.119705
1.24148	0.119612
1.24185	0.119611
1.25597	0.119551
1.25787	0.119543
1.25981	0.119535
1.26018	0.119533
1.26171	0.119527
1.26218	0.119525
1.26389	0.119517
1.26648	0.119506
1.27347	0.119475
1.27729	0.119458
1.2815	0.119439
1.28471	0.119425
1.29242	0.11939
1.29672	0.11937
1.2981	0.119363
1.29878	0.11936
1.30051	0.119352
1.30442	0.119334
1.31092	0.119303
1.31935	0.119262
1.32021	0.119258
1.32526	0.119233
1.32764	0.119222
1.33045	0.119208
1.33064	0.119207
1.33448	0.119188
1.34062	0.119157
1.34103	0.119155
1.3488	0.119115
1.35298	0.119093
1.35868	0.119063
1.3597	0.119058
1.37072	0.118999
1.37492	0.118977
1.38053	0.118946
1.38268	0.118934
1.38327	0.118931
1.38914	0.118899
1.39434	0.11887
1.40167	0.118828
1.40508	0.118809
1.4136	0.118759
1.42517	0.118691
1.43717	0.118619
1.4387	0.11861
1.43951	0.118605
1.44141	0.118593
1.44183	0.11859
1.44471	0.118573
1.44482	0.118572
1.44495	0.118571
1.44777	0.118554
1.45415	0.118514
1.45454	0.118512
1.45535	0.118507
1.45611	0.118502
1.46619	0.118438
1.46813	0.118425
1.46976	0.118415
1.47922	0.118353
1.48498	0.118315
1.48678	0.118304
1.5035	0.118191
1.50383	0.118189
1.5175	0.118094
1.53252	0.117988
1.54823	0.117874
1.55012	0.11786
1.55766	0.117804
1.56967	0.117713
1.57448	0.117677
1.57677	0.117659
1.5771	0.117656
1.57751	0.117653
1.58028	0.117632
1.58523	0.117593
1.58863	0.117567
1.59028	0.117554
1.59324	0.11753
1.60292	0.117453
1.60773	0.117415
1.61238	0.117377
1.61628	0.117345
1.61713	0.117338
1.62658	0.11726
1.6404	0.117144
1.64978	0.117064
1.66153	0.116962
1.66165	0.116961
1.6676	0.116908
1.67954	0.116802
1.69068	0.116701
1.69134	0.116695
1.69236	0.116685
1.69622	0.11665
1.69738	0.116639
1.70804	0.11654
1.71107	0.116511
1.71457	0.116478
1.71472	0.116477
1.71992	0.116427
1.72097	0.116418
1.72281	0.1164
1.72425	0.116386
1.72555	0.116374
1.72868	0.116344
1.73639	0.116269
1.73731	0.11626
1.73938	0.11624
1.74394	0.116195
1.74779	0.116157
1.74817	0.116153
1.74955	0.116139
1.76815	0.115952
1.78022	0.115828
1.78841	0.115743
1.79196	0.115706
1.79347	0.11569
1.79719	0.115651
1.80093	0.115611
1.80392	0.115579
1.80761	0.11554
1.80875	0.115528
1.81031	0.115511
1.81365	0.115475
1.81628	0.115446
1.81873	0.11542
1.81927	0.115414
1.82644	0.115335
1.82692	0.11533
1.83328	0.11526
1.84371	0.115143
1.84435	0.115136
1.84816	0.115093
1.85268	0.115042
1.85322	0.115036
1.8535	0.115033
1.8554	0.115011
1.85729	0.11499
1.85998	0.114959
1.8759	0.114775
1.8794	0.114734
1.87985	0.114728
1.88148	0.114709
1.88531	0.114664
1.88771	0.114635
1.89136	0.114592
1.89324	0.11457
1.89372	0.114564
1.89592	0.114538
1.89619	0.114534
1.89864	0.114505
1.8988	0.114503
1.90618	0.114414
1.90649	0.11441
1.91432	0.114315
1.91522	0.114304
1.92657	0.114164
1.92803	0.114146
1.92988	0.114123
1.93188	0.114098
1.93324	0.114081
1.93679	0.114036
1.93913	0.114007
1.93989	0.113997
1.94203	0.11397
1.94403	0.113945
1.94718	0.113905
1.94817	0.113892
1.95458	0.11381
1.95773	0.11377
1.95924	0.11375
1.96012	0.113739
2.00171	0.11319
2.00393	0.113159
2.00394	0.113159
2.00919	0.113088
2.01193	0.113051
2.01437	0.113017
2.01981	0.112942
2.03139	0.112782
2.03842	0.112683
2.03896	0.112676
2.04553	0.112583
2.0564	0.112428
2.05781	0.112408
2.07229	0.112198
2.07339	0.112182
2.07372	0.112177
2.08569	0.112001
2.09074	0.111927
2.09467	0.111868
2.10565	0.111704
2.10798	0.111668
2.1103	0.111633
2.11446	0.11157
2.11987	0.111488
2.12564	0.111399
2.1294	0.111341
2.1307	0.111321
2.13926	0.111188
2.13955	0.111184
2.15039	0.111014
2.15473	0.110946
2.16891	0.11072
2.18144	0.110518
2.18201	0.110508
2.1835	0.110484
2.18918	0.110392
2.19143	0.110355
2.20326	0.11016
2.20413	0.110146
2.20806	0.11008
2.22167	0.109853
2.22661	0.109769
2.22779	0.109749
2.22796	0.109747
2.22819	0.109743
2.22877	0.109733
2.22926	0.109725
2.23363	0.10965
2.24029	0.109537
2.24122	0.109521
2.24652	0.10943
2.2554	0.109276
2.25743	0.109241
2.25859	0.109221
2.26308	0.109143
2.2673	0.109069
2.26782	0.10906
2.27425	0.108947
2.27594	0.108917
2.28184	0.108812
2.29137	0.108643
2.29314	0.108611
2.29514	0.108575
2.2972	0.108538
2.29858	0.108513
2.29967	0.108494
2.30087	0.108472
2.3009	0.108471
2.30259	0.108441
2.3028	0.108437
2.30789	0.108345
2.31016	0.108304
2.31235	0.108264
2.31748	0.10817
2.3303	0.107934
2.33368	0.107872
2.33404	0.107865
2.33436	0.107859
2.33781	0.107795
2.34138	0.107729
2.3441	0.107678
2.34577	0.107647
2.35038	0.10756
2.35648	0.107445
2.36376	0.107308
2.36895	0.107209
2.3836	0.106928
2.38694	0.106864
2.38728	0.106857
2.39065	0.106792
2.39214	0.106763
2.39328	0.106741
2.39846	0.10664
2.4039	0.106534
2.40514	0.106509
2.40622	0.106488
2.40652	0.106482
2.40861	0.106441
2.41089	0.106396
2.41277	0.106359
2.41542	0.106307
2.41794	0.106257
2.4244	0.106129
2.42651	0.106087
2.43069	0.106004
2.43273	0.105963
2.43593	0.105899
2.45721	0.105468
2.4578	0.105456
2.46363	0.105337
2.4659	0.105291
2.46751	0.105258
2.47146	0.105176
2.47251	0.105155
2.47528	0.105098
2.48105	0.104978
2.4975	0.104635
2.50039	0.104575
2.50451	0.104488
2.5086	0.104402
2.52841	0.10398
2.53092	0.103926
2.53643	0.103808
2.53847	0.103764
2.5424	0.103679
2.55063	0.103501
2.55622	0.103379
2.56015	0.103293
2.56091	0.103276
2.56477	0.103192
2.56762	0.103129
2.56836	0.103113
2.57142	0.103046
2.57513	0.102964
2.58148	0.102823
2.58281	0.102794
2.58301	0.102789
2.58312	0.102787
2.58386	0.10277
2.59176	0.102594
2.59635	0.102492
2.60526	0.102292
2.6099	0.102187
2.61185	0.102143
2.61363	0.102103
2.61761	0.102013
2.62012	0.101956
2.62066	0.101943
2.62824	0.101771
2.63946	0.101513
2.65797	0.101085
2.66632	0.100891
2.66734	0.100867
2.68028	0.100563
2.68124	0.100541
2.68855	0.100368
2.69247	0.100275
2.69568	0.100199
2.7015	0.100061
2.71055	0.0998442
2.71142	0.0998234
2.71352	0.0997731
2.71401	0.0997612
2.72079	0.0995982
2.72098	0.0995936
2.72192	0.0995709
2.72469	0.0995041
2.72719	0.0994438
2.74738	0.0989527
2.74792	0.0989396
2.74953	0.0989001
2.75829	0.0986853
2.76277	0.0985749
2.76374	0.098551
2.76841	0.0984356
2.77142	0.0983611
2.77215	0.0983431
2.77218	0.0983425
2.77726	0.0982164
2.77793	0.0981999
2.77813	0.0981947
2.78326	0.0980672
2.78737	0.0979647
2.78944	0.0979131
2.81053	0.0973831
2.81376	0.0973015
2.8173	0.0972117
2.81827	0.0971872
2.82302	0.0970666
2.82837	0.0969304
2.83373	0.0967937
2.84201	0.0965816
2.84412	0.0965276
2.86311	0.0960378
2.86486	0.0959923
2.88471	0.0954752
2.89699	0.095153
2.89799	0.0951266
2.8985	0.0951132
2.90424	0.0949618
2.92115	0.0945137
2.92231	0.0944831
2.93149	0.0942381
2.93587	0.0941211
2.9437	0.0939112
2.95817	0.0935215
2.95906	0.0934973
2.96266	0.0933998
2.96352	0.0933768
2.9658	0.0933149
2.98284	0.0928514
2.98486	0.0927962
2.98635	0.0927556
2.99442	0.0925348
2.99501	0.0925186
3.0063	0.0922081
3.00653	0.0922019
3.00887	0.0921375
3.00914	0.0921298
3.01449	0.0919823
3.01529	0.0919601
3.01702	0.0919123
3.03037	0.0915421
3.03858	0.0913137
3.05068	0.0909755
3.07177	0.0903824
3.07336	0.0903377
3.08417	0.0900317
3.08695	0.089953
3.09041	0.0898549
3.09223	0.0898029
3.10264	0.0895068
3.10596	0.0894119
3.11122	0.0892617
3.119	0.0890386
3.12416	0.0888907
3.12706	0.0888074
3.12851	0.0887656
3.13122	0.0886877
3.1416	0.0883884
3.1434	0.0883363
3.14859	0.0881862
3.1656	0.0876925
3.17569	0.0873983
3.17736	0.0873496
3.17836	0.0873203
3.18599	0.0870972
3.1888	0.0870147
3.19154	0.0869344
3.19418	0.086857
3.19769	0.0867539
3.20309	0.0865953
3.20418	0.0865629
3.21285	0.0863077
3.21767	0.0861653
3.22542	0.0859361
3.22686	0.0858933
3.2363	0.0856135
3.24429	0.0853757
3.25064	0.0851868
3.25386	0.0850905
3.26247	0.0848334
3.27389	0.0844913
3.28939	0.0840256
3.29731	0.0837871
3.3008	0.0836816
3.302	0.0836456
3.30769	0.0834736
3.30897	0.0834349
3.32345	0.0829963
3.32553	0.0829331
3.32862	0.0828392
3.34354	0.0823851
3.3533	0.0820874
3.35442	0.0820532
3.37154	0.0815291
3.37305	0.0814828
3.3758	0.0813983
3.38153	0.0812225
3.38243	0.0811947
3.39115	0.0809265
3.39838	0.0807039
3.42093	0.0800074
3.42847	0.0797739
3.43133	0.0796852
3.4324	0.079652
3.4424	0.0793416
3.44622	0.079223
3.46296	0.0787016
3.46503	0.0786371
3.47528	0.0783172
3.48083	0.0781439
3.48843	0.0779062
3.48944	0.0778745
3.49071	0.0778348
3.49409	0.0777287
3.49448	0.0777165
3.49495	0.0777019
3.49807	0.0776041
3.50133	0.0775018
3.50482	0.0773923
3.50655	0.0773382
3.5075	0.0773082
3.52423	0.0767827
3.52446	0.0767753
3.53278	0.0765135
3.53558	0.0764254
3.54589	0.0761004
3.55922	0.0756795
3.56393	0.0755307
3.56561	0.0754774
3.57323	0.0752364
3.58448	0.0748801
3.59251	0.0746256
3.59263	0.0746221
3.59362	0.0745906
3.59374	0.0745867
3.59686	0.0744876
3.60094	0.0743583
3.60624	0.07419
3.60745	0.0741518
3.61179	0.0740138
3.61415	0.0739389
3.618	0.0738166
3.62094	0.0737231
3.64334	0.0730101
3.64373	0.0729975
3.65097	0.0727669
3.65251	0.0727179
3.65472	0.0726474
3.65514	0.0726338
3.6562	0.0726003
3.68082	0.0718144
3.68474	0.0716892
3.69074	0.0714973
3.69144	0.0714749
3.70414	0.0710688
3.70434	0.0710625
3.70663	0.0709894
3.70734	0.0709665
3.71768	0.0706358
3.72153	0.0705124
3.72288	0.0704695
3.73184	0.0701825
3.75348	0.0694889
3.7692	0.068985
3.77412	0.0688272
3.79342	0.068208
3.79461	0.0681698
3.79702	0.0680927
3.7992	0.0680227
3.80929	0.067699
3.81052	0.0676595
3.81567	0.0674941
3.81687	0.0674558
3.83162	0.0669823
3.83172	0.066979
3.84829	0.0664475
3.86651	0.0658629
3.86735	0.0658356
3.87427	0.0656138
3.87498	0.0655909
3.87828	0.0654852
3.89153	0.0650601
3.89988	0.0647923
3.91342	0.0643586
3.91705	0.0642422
3.91882	0.0641855
3.9256	0.0639683
3.92859	0.0638724
3.93898	0.0635398
3.948	0.063251
3.96244	0.0627892
3.97016	0.0625422
3.97301	0.0624512
3.9965	0.061701
3.99969	0.0615994
4.00006	0.0615874
4.02149	0.0609042
4.022	0.0608879
4.04445	0.0601737
4.05056	0.0599795
4.06575	0.0594971
4.0686	0.0594066
4.0772	0.0591341
4.09562	0.0585508
4.09713	0.058503
4.09992	0.0584148
4.10024	0.0584049
4.10894	0.0581296
4.1209	0.0577522
4.12505	0.0576214
4.12933	0.0574863
4.16072	0.0564993
4.16353	0.0564112
4.16387	0.0564004
4.16946	0.0562251
4.17892	0.0559285
4.18387	0.0557736
4.20779	0.0550266
4.20967	0.0549681
4.21231	0.0548856
4.21386	0.0548373
4.22001	0.054646
4.22064	0.0546264
4.23627	0.0541406
4.24461	0.053882
4.27668	0.0528906
4.29968	0.0521829
4.30354	0.0520645
4.31122	0.0518291
4.32054	0.0515437
4.34018	0.0509444
4.34102	0.0509189
4.35761	0.0504142
4.36453	0.0502044
4.37984	0.0497412
4.381	0.0497061
4.38916	0.0494599
4.45076	0.0476157
4.46074	0.0473193
4.46725	0.0471265
4.47451	0.046912
4.48256	0.0466743
4.49264	0.0463775
4.50355	0.0460568
4.50465	0.0460246
4.51301	0.0457798
4.51413	0.0457471
4.52137	0.0455355
4.54417	0.0448719
4.55448	0.0445733
4.55699	0.0445006
4.56726	0.0442043
4.59208	0.0434913
4.59299	0.0434653
4.59479	0.0434139
4.60378	0.043157
4.60475	0.0431294
4.61503	0.0428368
4.6154	0.0428263
4.6161	0.0428064
4.62538	0.0425431
4.62799	0.0424691
4.63433	0.0422899
4.64776	0.0419111
4.69019	0.0407258
4.69586	0.0405687
4.69937	0.0404715
4.70058	0.040438
4.72672	0.0397184
4.74545	0.0392068
4.75634	0.0389108
4.76139	0.0387742
4.77589	0.0383827
4.78097	0.038246
4.79685	0.0378201
4.80734	0.0375404
4.80883	0.0375008
4.82993	0.0369416
4.84324	0.0365911
4.85584	0.0362609
4.86842	0.0359329
4.87011	0.0358888
4.90382	0.0350186
4.92212	0.0345509
4.92807	0.0343997
4.9533	0.0337622
4.97679	0.033175
4.98639	0.0329365
5.00429	0.0324949
5.00794	0.0324051
5.01832	0.0321509
5.03636	0.0317118
5.03811	0.0316694
5.04228	0.0315685
5.05591	0.0312399
5.06891	0.0309285
5.07275	0.030837
5.09982	0.0301954
5.14589	0.0291223
5.14723	0.0290915
5.17054	0.0285579
5.17696	0.0284118
5.17744	0.0284011
5.18455	0.02824
5.19858	0.0279238
5.20622	0.0277527
5.34561	0.0247454
5.37031	0.0242355
5.41102	0.0234103
5.4211	0.023209
5.45461	0.0225476
5.46607	0.0223244
5.504	0.0215964
5.50543	0.0215693
5.50549	0.0215681
5.55059	0.0207245
5.5699	0.0203703
5.57394	0.0202967
5.60814	0.0196812
5.62424	0.0193962
5.6437	0.0190554
5.65432	0.0188711
5.67634	0.0184933
5.70792	0.0179608
5.76603	0.0170096
5.76649	0.0170022
5.81064	0.0163045
5.84458	0.0157826
5.8572	0.0155916
5.88125	0.0152325
5.89781	0.0149888
5.93391	0.0144675
5.93425	0.0144626
5.95167	0.014216
5.96547	0.0140229
5.97509	0.0138894
6.03465	0.0130842
6.12417	0.0119412
6.13808	0.0117708
6.14503	0.0116862
6.1507	0.0116177
6.15677	0.0115446
6.19386	0.0111057
6.22429	0.0107555
6.34801	0.00941907
6.39894	0.00890858
6.55891	0.00744693
6.67403	0.0065201
6.72361	0.00615118
6.72534	0.00613858
6.75472	0.00592849
6.93408	0.00477089
7.05633	0.0040955
7.37088	0.00271837
7.44861	0.00244726
7.47916	0.00234729
7.57997	0.0020421
7.68715	0.00175618
8.09805	0.000959299
8.57601	0.00045045
8.57932	0.000448009
