-5.51269	0.000993618
-5.41262	0.00116798
-4.86967	0.00268817
-4.77785	0.00307265
-4.75679	0.00316737
-4.63515	0.00376642
-4.49912	0.00455145
-4.16692	0.00708764
-4.0052	0.0087058
-3.9203	0.00967279
-3.90243	0.0098874
-3.83513	0.0107314
-3.82819	0.0108217
-3.78753	0.0113638
-3.65144	0.0133431
-3.60886	0.0140172
-3.51093	0.0156729
-3.50709	0.0157407
-3.48729	0.0160951
-3.48608	0.016117
-3.42565	0.0172394
-3.3572	0.0185846
-3.33293	0.0190811
-3.3316	0.0191086
-3.22507	0.0214149
-3.20147	0.0219539
-3.18815	0.0222628
-3.1753	0.0225639
-3.15895	0.0229514
-3.12816	0.0236952
-3.10604	0.024241
-3.06896	0.0251769
-3.00078	0.0269694
-2.94459	0.0285174
-2.92457	0.0290846
-2.90113	0.0297592
-2.89674	0.0298868
-2.868	0.0307321
-2.86361	0.0308629
-2.85709	0.0310577
-2.83181	0.0318214
-2.8289	0.0319103
-2.82638	0.0319873
-2.80276	0.032716
-2.79137	0.0330716
-2.78939	0.0331337
-2.78321	0.0333283
-2.76848	0.0337948
-2.74937	0.0344073
-2.74471	0.0345577
-2.74435	0.0345694
-2.74235	0.0346342
-2.73933	0.034732
-2.73218	0.0349646
-2.70392	0.0358953
-2.68854	0.0364093
-2.68628	0.0364851
-2.66286	0.0372786
-2.65177	0.0376587
-2.6443	0.0379161
-2.6316	0.0383566
-2.61967	0.0387736
-2.61691	0.0388704
-2.61497	0.0389386
-2.60432	0.0393145
-2.59416	0.0396757
-2.59307	0.0397146
-2.58872	0.0398698
-2.58835	0.0398833
-2.57567	0.0403388
-2.55893	0.0409455
-2.55031	0.0412603
-2.53481	0.0418305
-2.53447	0.041843
-2.50393	0.0429827
-2.4992	0.0431611
-2.49867	0.0431811
-2.49801	0.0432059
-2.49591	0.0432852
-2.48649	0.0436426
-2.48062	0.0438664
-2.48003	0.0438888
-2.4599	0.0446622
-2.44357	0.0452959
-2.44263	0.0453325
-2.44118	0.0453891
-2.42651	0.0459643
-2.41964	0.0462354
-2.41212	0.0465333
-2.4107	0.0465898
-2.37391	0.0480664
-2.3516	0.0489762
-2.34711	0.0491605
-2.34545	0.049229
-2.34386	0.0492945
-2.30571	0.0508825
-2.293	0.051419
-2.28949	0.0515675
-2.28726	0.051662
-2.28376	0.0518111
-2.28346	0.0518236
-2.26423	0.0526458
-2.22826	0.0542051
-2.22751	0.0542382
-2.22682	0.0542683
-2.22673	0.0542723
-2.2178	0.054664
-2.20289	0.0553223
-2.20192	0.0553653
-2.17717	0.0564687
-2.15532	0.0574539
-2.1136	0.0593634
-2.10114	0.0599404
-2.09585	0.0601868
-2.09077	0.0604238
-2.0844	0.0607216
-2.0801	0.0609232
-2.07769	0.061036
-2.07753	0.0610434
-2.07725	0.0610569
-2.06096	0.0618248
-2.04349	0.0626542
-2.04253	0.0627
-2.04114	0.0627666
-2.04016	0.0628134
-2.0364	0.0629928
-2.02727	0.0634305
-2.01924	0.0638166
-2.01674	0.0639371
-2.01045	0.0642404
-2.00946	0.0642887
-2.00443	0.0645322
-1.99732	0.064877
-1.97356	0.0660378
-1.96567	0.0664257
-1.94171	0.0676118
-1.90995	0.0692006
-1.90611	0.0693943
-1.90591	0.0694044
-1.90564	0.0694178
-1.90543	0.0694285
-1.90164	0.0696198
-1.89976	0.0697146
-1.88186	0.0706222
-1.88091	0.0706707
-1.87167	0.0711416
-1.86823	0.0713178
-1.86803	0.0713277
-1.85732	0.0718766
-1.85622	0.0719334
-1.84178	0.0726766
-1.82331	0.0736337
-1.81119	0.0742646
-1.79964	0.0748691
-1.79948	0.0748771
-1.79508	0.0751081
-1.79429	0.0751496
-1.79103	0.0753206
-1.78607	0.0755815
-1.7827	0.075759
-1.7705	0.0764032
-1.74933	0.0775277
-1.74691	0.0776566
-1.7451	0.0777533
-1.74393	0.0778154
-1.7352	0.0782822
-1.72888	0.0786209
-1.7243	0.0788669
-1.71555	0.0793372
-1.71042	0.0796139
-1.70701	0.079798
-1.70356	0.0799845
-1.70329	0.0799993
-1.69353	0.0805274
-1.69047	0.0806935
-1.69043	0.0806956
-1.68298	0.0811007
-1.67977	0.0812753
-1.66872	0.081878
-1.6685	0.0818901
-1.65577	0.0825864
-1.65322	0.0827265
-1.64653	0.0830941
-1.6411	0.0833929
-1.64024	0.08344
-1.62668	0.0841886
-1.62065	0.084522
-1.61865	0.0846328
-1.61464	0.0848552
-1.59328	0.0860434
-1.58622	0.0864372
-1.56804	0.087456
-1.56746	0.0874883
-1.56014	0.0878997
-1.55709	0.0880713
-1.54795	0.0885867
-1.53632	0.0892439
-1.52736	0.0897514
-1.52556	0.0898536
-1.51743	0.0903154
-1.50181	0.0912046
-1.48964	0.0918996
-1.48557	0.0921326
-1.47541	0.0927151
-1.47428	0.0927801
-1.46798	0.0931419
-1.46599	0.0932558
-1.46299	0.0934288
-1.46035	0.0935806
-1.45998	0.0936018
-1.42667	0.095526
-1.42664	0.0955278
-1.42278	0.0957512
-1.42184	0.0958056
-1.41242	0.0963525
-1.40584	0.0967353
-1.39695	0.097253
-1.39666	0.0972701
-1.39353	0.0974526
-1.38282	0.0980774
-1.38014	0.098234
-1.37952	0.0982705
-1.37764	0.0983806
-1.37605	0.0984733
-1.37372	0.0986098
-1.37096	0.0987711
-1.36984	0.0988367
-1.36689	0.0990093
-1.34499	0.100295
-1.34479	0.100307
-1.33434	0.100922
-1.33085	0.101127
-1.33062	0.101141
-1.32998	0.101178
-1.32642	0.101388
-1.32105	0.101705
-1.32018	0.101757
-1.30781	0.102487
-1.30314	0.102764
-1.30014	0.102941
-1.29726	0.103111
-1.29307	0.10336
-1.28842	0.103636
-1.28631	0.10376
-1.28449	0.103869
-1.28337	0.103935
-1.28116	0.104066
-1.27215	0.104601
-1.26606	0.104963
-1.25613	0.105554
-1.25516	0.105611
-1.25139	0.105836
-1.25008	0.105914
-1.2473	0.10608
-1.23437	0.106851
-1.21759	0.107854
-1.21279	0.10814
-1.20628	0.10853
-1.20077	0.10886
-1.19666	0.109106
-1.19634	0.109125
-1.19632	0.109127
-1.19563	0.109168
-1.19395	0.109268
-1.19192	0.10939
-1.1915	0.109415
-1.17138	0.110623
-1.17064	0.110667
-1.16723	0.110872
-1.16652	0.110915
-1.16202	0.111185
-1.15984	0.111316
-1.15278	0.11174
-1.15219	0.111776
-1.15125	0.111833
-1.14272	0.112346
-1.1366	0.112714
-1.13124	0.113037
-1.10821	0.114425
-1.10492	0.114623
-1.09616	0.115151
-1.09384	0.115292
-1.09271	0.11536
-1.0917	0.115421
-1.08785	0.115653
-1.087	0.115705
-1.08435	0.115865
-1.08112	0.11606
-1.0799	0.116133
-1.07906	0.116184
-1.07854	0.116215
-1.07441	0.116465
-1.05446	0.11767
-1.05166	0.117839
-1.05085	0.117888
-1.01282	0.120188
-1.00462	0.120684
-1.00408	0.120716
-0.999818	0.120974
-0.994503	0.121296
-0.992093	0.121442
-0.979428	0.122207
-0.957732	0.123519
-0.955503	0.123654
-0.952498	0.123836
-0.945173	0.124278
-0.941013	0.12453
-0.935155	0.124884
-0.933337	0.124994
-0.932781	0.125027
-0.930892	0.125141
-0.929974	0.125197
-0.92659	0.125401
-0.915786	0.126054
-0.914385	0.126138
-0.908512	0.126493
-0.906431	0.126618
-0.903382	0.126802
-0.900056	0.127003
-0.895077	0.127303
-0.887446	0.127763
-0.880099	0.128206
-0.87852	0.128301
-0.87323	0.12862
-0.867016	0.128994
-0.863668	0.129196
-0.863173	0.129226
-0.854641	0.129739
-0.852339	0.129878
-0.842379	0.130476
-0.841004	0.130559
-0.840886	0.130566
-0.839071	0.130675
-0.832011	0.131099
-0.830946	0.131163
-0.821497	0.13173
-0.821122	0.131753
-0.81154	0.132327
-0.810341	0.132399
-0.807089	0.132594
-0.806138	0.132651
-0.795761	0.133272
-0.794916	0.133323
-0.791719	0.133514
-0.785366	0.133894
-0.782523	0.134063
-0.780542	0.134182
-0.780251	0.134199
-0.778599	0.134298
-0.773831	0.134583
-0.773363	0.13461
-0.772625	0.134654
-0.770317	0.134792
-0.769536	0.134839
-0.764298	0.135151
-0.760884	0.135355
-0.759721	0.135424
-0.756222	0.135632
-0.751418	0.135918
-0.737296	0.136758
-0.736082	0.13683
-0.731073	0.137127
-0.727108	0.137363
-0.725367	0.137466
-0.724784	0.1375
-0.722989	0.137607
-0.72186	0.137674
-0.71773	0.137918
-0.709936	0.13838
-0.707176	0.138543
-0.704762	0.138686
-0.703934	0.138735
-0.700555	0.138934
-0.699339	0.139006
-0.69359	0.139345
-0.692573	0.139405
-0.689649	0.139578
-0.684447	0.139884
-0.683804	0.139922
-0.672182	0.140606
-0.671618	0.140639
-0.666681	0.140929
-0.659445	0.141354
-0.653592	0.141697
-0.648743	0.141981
-0.647922	0.142029
-0.645596	0.142165
-0.634393	0.14282
-0.633255	0.142886
-0.633114	0.142894
-0.622868	0.143491
-0.6221	0.143536
-0.622043	0.143539
-0.621927	0.143546
-0.619103	0.14371
-0.610819	0.144192
-0.608345	0.144335
-0.592914	0.145229
-0.585435	0.145662
-0.583077	0.145798
-0.582379	0.145838
-0.5771	0.146142
-0.575771	0.146219
-0.571898	0.146442
-0.571045	0.146491
-0.570202	0.14654
-0.567522	0.146694
-0.565063	0.146835
-0.56367	0.146915
-0.559013	0.147182
-0.557555	0.147266
-0.554089	0.147465
-0.545967	0.147929
-0.545201	0.147973
-0.544681	0.148003
-0.540931	0.148217
-0.538298	0.148367
-0.535326	0.148537
-0.53346	0.148643
-0.529519	0.148868
-0.528601	0.14892
-0.527706	0.148971
-0.524578	0.149149
-0.522862	0.149246
-0.514663	0.149712
-0.513594	0.149772
-0.510702	0.149936
-0.504073	0.150311
-0.503721	0.150331
-0.502407	0.150405
-0.501148	0.150476
-0.497621	0.150675
-0.497404	0.150688
-0.49616	0.150758
-0.493764	0.150893
-0.487678	0.151236
-0.486413	0.151307
-0.484922	0.151391
-0.479996	0.151667
-0.471819	0.152125
-0.471742	0.15213
-0.471739	0.15213
-0.466703	0.152412
-0.460405	0.152763
-0.457786	0.152909
-0.457469	0.152927
-0.452922	0.15318
-0.451637	0.153252
-0.449553	0.153367
-0.444908	0.153625
-0.442089	0.153782
-0.441428	0.153818
-0.436779	0.154076
-0.435289	0.154158
-0.433423	0.154261
-0.418003	0.155112
-0.412146	0.155433
-0.386249	0.156848
-0.383341	0.157006
-0.381074	0.157129
-0.376571	0.157373
-0.375162	0.157449
-0.374936	0.157461
-0.372068	0.157617
-0.370544	0.157699
-0.369558	0.157752
-0.369495	0.157756
-0.36779	0.157848
-0.365923	0.157948
-0.364995	0.157998
-0.364897	0.158004
-0.361489	0.158187
-0.359758	0.158281
-0.357215	0.158417
-0.353626	0.15861
-0.345986	0.15902
-0.345956	0.159021
-0.344368	0.159106
-0.344242	0.159113
-0.332036	0.159764
-0.331675	0.159783
-0.329275	0.159911
-0.318882	0.160462
-0.317495	0.160535
-0.315985	0.160615
-0.315212	0.160656
-0.312453	0.160801
-0.312381	0.160805
-0.306166	0.161133
-0.297821	0.161571
-0.292042	0.161874
-0.290064	0.161977
-0.286584	0.162159
-0.28653	0.162161
-0.278461	0.162581
-0.276465	0.162685
-0.2741	0.162808
-0.273738	0.162827
-0.272603	0.162885
-0.269828	0.163029
-0.266138	0.16322
-0.263709	0.163345
-0.259782	0.163548
-0.256098	0.163737
-0.255603	0.163763
-0.253164	0.163888
-0.241436	0.164489
-0.239245	0.1646
-0.2387	0.164628
-0.236457	0.164742
-0.234037	0.164866
-0.221917	0.16548
-0.215709	0.165794
-0.215181	0.16582
-0.214795	0.16584
-0.210853	0.166038
-0.208808	0.166141
-0.205652	0.166299
-0.195206	0.166821
-0.194373	0.166863
-0.194133	0.166875
-0.192672	0.166947
-0.190424	0.167059
-0.176427	0.167752
-0.173688	0.167887
-0.172875	0.167927
-0.170832	0.168028
-0.164883	0.16832
-0.162375	0.168443
-0.159882	0.168565
-0.159198	0.168598
-0.158948	0.168611
-0.157616	0.168676
-0.153194	0.168891
-0.152726	0.168914
-0.151963	0.168951
-0.150835	0.169006
-0.145947	0.169243
-0.13914	0.169573
-0.134315	0.169805
-0.134006	0.16982
-0.131429	0.169944
-0.127708	0.170123
-0.126341	0.170188
-0.126163	0.170197
-0.125371	0.170235
-0.125337	0.170237
-0.124667	0.170269
-0.119858	0.170499
-0.119427	0.170519
-0.112724	0.170838
-0.111196	0.170911
-0.111044	0.170918
-0.111036	0.170918
-0.108455	0.171041
-0.107914	0.171067
-0.107367	0.171092
-0.104481	0.171229
-0.10357	0.171272
-0.0986142	0.171506
-0.0985222	0.17151
-0.0976961	0.171549
-0.0941182	0.171717
-0.0918961	0.171822
-0.0905741	0.171884
-0.0904055	0.171892
-0.088305	0.17199
-0.0861425	0.172091
-0.0854647	0.172123
-0.0847491	0.172156
-0.0846132	0.172162
-0.0830916	0.172233
-0.0816869	0.172299
-0.0791744	0.172416
-0.0729822	0.172703
-0.0684424	0.172913
-0.0666428	0.172996
-0.0648172	0.173081
-0.0643113	0.173104
-0.0631792	0.173156
-0.0607373	0.173268
-0.0602659	0.17329
-0.0574156	0.173421
-0.0557273	0.173498
-0.0527146	0.173636
-0.0507068	0.173728
-0.0506189	0.173732
-0.049619	0.173777
-0.0434074	0.17406
-0.0417106	0.174137
-0.0379297	0.174308
-0.0361037	0.174391
-0.0342883	0.174473
-0.0300499	0.174664
-0.0291418	0.174704
-0.0283894	0.174738
-0.026277	0.174833
-0.019696	0.175128
-0.0107714	0.175525
-0.0103551	0.175543
-0.00834874	0.175632
-0.00646878	0.175715
-0.00486093	0.175786
-0.00397811	0.175825
0.00105319	0.176047
0.00585784	0.176258
0.00737246	0.176324
0.0115355	0.176506
0.0122688	0.176538
0.0278822	0.177214
0.0287771	0.177253
0.0290064	0.177263
0.0399237	0.177731
0.0408048	0.177768
0.0431603	0.177868
0.0450005	0.177947
0.0487005	0.178104
0.048839	0.178109
0.0497559	0.178148
0.0522737	0.178255
0.0531087	0.17829
0.0534853	0.178306
0.0548	0.178361
0.0618748	0.178659
0.0633668	0.178721
0.0675608	0.178896
0.0683355	0.178929
0.0780986	0.179334
0.0794294	0.179389
0.0829095	0.179532
0.0892032	0.179791
0.0914754	0.179884
0.0922196	0.179914
0.0954662	0.180046
0.0956417	0.180053
0.0992058	0.180198
0.100875	0.180266
0.101562	0.180294
0.101882	0.180307
0.106252	0.180483
0.107817	0.180546
0.110213	0.180643
0.110511	0.180655
0.117836	0.180948
0.121012	0.181075
0.131241	0.18148
0.132087	0.181513
0.134417	0.181605
0.135411	0.181644
0.139296	0.181796
0.145544	0.18204
0.152421	0.182306
0.152689	0.182317
0.152791	0.182321
0.153103	0.182333
0.154359	0.182381
0.154798	0.182398
0.156916	0.18248
0.157328	0.182495
0.161799	0.182667
0.164014	0.182752
0.166641	0.182852
0.168772	0.182933
0.173077	0.183096
0.173352	0.183107
0.173485	0.183112
0.176845	0.183239
0.179502	0.183339
0.181928	0.18343
0.182421	0.183448
0.185951	0.18358
0.186498	0.183601
0.188199	0.183664
0.192848	0.183837
0.194128	0.183885
0.196799	0.183983
0.198669	0.184052
0.199374	0.184078
0.200069	0.184104
0.203416	0.184227
0.208763	0.184423
0.214718	0.184639
0.220649	0.184853
0.221825	0.184896
0.225009	0.18501
0.231589	0.185245
0.234047	0.185332
0.234502	0.185349
0.238098	0.185476
0.241054	0.18558
0.248656	0.185847
0.251443	0.185944
0.251452	0.185944
0.253224	0.186006
0.253652	0.186021
0.255973	0.186101
0.260878	0.18627
0.261054	0.186276
0.263134	0.186348
0.26771	0.186505
0.269648	0.186571
0.277294	0.18683
0.277371	0.186833
0.277601	0.18684
0.278693	0.186877
0.282632	0.18701
0.283318	0.187033
0.283492	0.187038
0.287122	0.18716
0.287385	0.187169
0.291039	0.18729
0.293333	0.187366
0.29437	0.1874
0.294759	0.187413
0.296722	0.187478
0.296982	0.187487
0.298328	0.187531
0.30965	0.187901
0.319354	0.188214
0.320756	0.188258
0.327645	0.188478
0.328987	0.18852
0.330449	0.188566
0.330641	0.188572
0.33163	0.188604
0.333155	0.188652
0.3351	0.188713
0.337068	0.188774
0.341035	0.188898
0.344539	0.189007
0.346249	0.18906
0.347028	0.189084
0.347965	0.189113
0.352979	0.189267
0.354281	0.189307
0.357973	0.189419
0.358464	0.189434
0.358678	0.189441
0.363532	0.189587
0.378833	0.190044
0.379039	0.19005
0.379745	0.190071
0.380486	0.190093
0.381038	0.190109
0.387027	0.190284
0.395461	0.190529
0.396249	0.190552
0.397107	0.190576
0.397307	0.190582
0.398345	0.190612
0.403546	0.19076
0.403982	0.190773
0.405576	0.190818
0.420736	0.191243
0.421266	0.191257
0.421905	0.191275
0.426379	0.191398
0.427618	0.191432
0.428851	0.191466
0.439625	0.191758
0.442232	0.191828
0.444711	0.191894
0.445019	0.191902
0.449544	0.192022
0.450468	0.192047
0.459157	0.192274
0.462664	0.192365
0.47924	0.192787
0.47928	0.192788
0.48412	0.192909
0.48496	0.19293
0.484978	0.192931
0.486264	0.192963
0.486776	0.192975
0.488273	0.193012
0.490591	0.193069
0.493354	0.193137
0.498778	0.193269
0.500185	0.193303
0.503496	0.193383
0.506603	0.193457
0.507605	0.193481
0.515969	0.193679
0.516576	0.193693
0.520886	0.193793
0.521393	0.193805
0.523523	0.193855
0.529802	0.193999
0.532758	0.194066
0.537525	0.194173
0.539731	0.194223
0.540114	0.194231
0.544734	0.194334
0.546714	0.194378
0.547314	0.194391
0.548508	0.194417
0.549973	0.194449
0.550119	0.194452
0.551127	0.194474
0.55561	0.194572
0.556507	0.194591
0.557256	0.194607
0.562238	0.194714
0.562387	0.194717
0.562441	0.194718
0.566898	0.194813
0.567241	0.19482
0.568312	0.194843
0.569671	0.194871
0.570633	0.194891
0.571453	0.194909
0.571631	0.194912
0.574336	0.194969
0.574481	0.194972
0.574485	0.194972
0.576091	0.195005
0.576491	0.195013
0.576772	0.195019
0.578485	0.195054
0.579166	0.195068
0.580527	0.195096
0.580797	0.195102
0.584154	0.19517
0.585142	0.19519
0.593241	0.195352
0.593665	0.195361
0.598351	0.195453
0.602919	0.195542
0.607381	0.195629
0.608953	0.195659
0.611999	0.195717
0.612375	0.195724
0.615918	0.195791
0.619705	0.195862
0.627999	0.196015
0.628671	0.196027
0.62977	0.196047
0.629841	0.196048
0.630422	0.196059
0.631961	0.196086
0.637631	0.196188
0.641848	0.196262
0.643098	0.196284
0.643262	0.196287
0.644437	0.196308
0.651837	0.196436
0.654423	0.19648
0.659717	0.196569
0.660325	0.196579
0.660361	0.19658
0.665515	0.196665
0.669484	0.19673
0.673003	0.196787
0.67491	0.196817
0.678041	0.196867
0.680228	0.196902
0.680554	0.196907
0.683682	0.196956
0.686393	0.196998
0.691338	0.197074
0.696218	0.197147
0.701607	0.197227
0.704908	0.197276
0.708444	0.197327
0.710469	0.197356
0.713487	0.197399
0.7143	0.19741
0.720386	0.197495
0.721818	0.197515
0.723573	0.197539
0.723969	0.197544
0.72703	0.197586
0.727244	0.197589
0.731629	0.197647
0.732107	0.197654
0.746472	0.197839
0.746928	0.197844
0.748172	0.19786
0.74901	0.19787
0.749464	0.197876
0.74988	0.197881
0.754284	0.197935
0.759966	0.198004
0.760089	0.198005
0.760432	0.198009
0.763736	0.198048
0.768154	0.198099
0.769378	0.198113
0.771362	0.198136
0.776069	0.198189
0.780147	0.198233
0.780216	0.198234
0.781707	0.19825
0.787204	0.198309
0.78838	0.198321
0.788411	0.198322
0.78951	0.198333
0.800931	0.198449
0.803916	0.198478
0.80658	0.198504
0.806718	0.198506
0.80974	0.198534
0.81207	0.198556
0.81276	0.198563
0.813646	0.198571
0.815334	0.198586
0.815522	0.198588
0.81721	0.198603
0.823849	0.198663
0.824784	0.198671
0.826444	0.198685
0.826862	0.198689
0.828832	0.198706
0.829946	0.198715
0.835674	0.198763
0.835717	0.198763
0.835733	0.198763
0.836532	0.19877
0.837358	0.198776
0.839471	0.198793
0.845631	0.198842
0.847945	0.198859
0.849705	0.198872
0.853496	0.1989
0.859395	0.198942
0.859977	0.198947
0.861259	0.198955
0.862953	0.198967
0.866523	0.198991
0.866873	0.198993
0.87064	0.199018
0.871158	0.199021
0.879331	0.199072
0.879855	0.199075
0.887609	0.19912
0.898882	0.19918
0.903345	0.199202
0.904866	0.199209
0.906026	0.199215
0.90936	0.19923
0.912219	0.199243
0.914324	0.199252
0.916232	0.19926
0.916949	0.199263
0.916964	0.199263
0.919057	0.199271
0.921746	0.199282
0.925861	0.199298
0.926573	0.1993
0.93107	0.199316
0.934386	0.199327
0.939329	0.199343
0.942034	0.199351
0.944676	0.199358
0.946022	0.199362
0.946441	0.199363
0.946703	0.199364
0.946908	0.199364
0.953072	0.19938
0.954056	0.199382
0.954737	0.199384
0.956241	0.199387
0.957726	0.19939
0.960612	0.199396
0.962915	0.1994
0.964644	0.199404
0.966893	0.199407
0.968388	0.19941
0.971208	0.199414
0.972296	0.199416
0.973354	0.199417
0.974927	0.199419
0.97922	0.199424
0.981976	0.199427
0.982438	0.199427
0.988085	0.199431
0.989122	0.199432
0.990382	0.199432
0.990788	0.199433
0.995479	0.199434
0.996581	0.199434
1.00276	0.199435
1.00311	0.199434
1.00648	0.199434
1.00754	0.199433
1.0082	0.199433
1.00869	0.199433
1.01316	0.19943
1.01437	0.19943
1.01597	0.199428
1.01979	0.199425
1.02112	0.199424
1.02134	0.199423
1.02233	0.199422
1.02699	0.199417
1.02896	0.199414
1.02936	0.199413
1.0301	0.199412
1.03201	0.199409
1.03687	0.199401
1.03876	0.199397
1.04217	0.19939
1.04442	0.199386
1.053	0.199365
1.05433	0.199361
1.06107	0.199342
1.06206	0.199339
1.0642	0.199332
1.06429	0.199332
1.06606	0.199326
1.07262	0.199303
1.07828	0.199282
1.07898	0.199279
1.08195	0.199267
1.08396	0.199259
1.08569	0.199252
1.08619	0.19925
1.08647	0.199248
1.08815	0.199241
1.09254	0.199221
1.09472	0.199211
1.10067	0.199182
1.10313	0.19917
1.10341	0.199168
1.10526	0.199159
1.10538	0.199158
1.10588	0.199155
1.10636	0.199153
1.10798	0.199144
1.10864	0.199141
1.11871	0.199084
1.11987	0.199077
1.11998	0.199076
1.12326	0.199056
1.1239	0.199052
1.12509	0.199045
1.1294	0.199018
1.13114	0.199006
1.13926	0.198952
1.13955	0.19895
1.15166	0.198862
1.15191	0.19886
1.15473	0.198839
1.15693	0.198822
1.15759	0.198817
1.15917	0.198804
1.16024	0.198796
1.16617	0.198748
1.1703	0.198713
1.17088	0.198708
1.17687	0.198656
1.17947	0.198633
1.18201	0.198611
1.18273	0.198604
1.18333	0.198599
1.18508	0.198583
1.18736	0.198562
1.19291	0.198509
1.19644	0.198475
1.199	0.19845
1.20089	0.198431
1.20156	0.198425
1.20496	0.19839
1.20782	0.198361
1.20915	0.198347
1.2097	0.198341
1.21314	0.198305
1.21472	0.198289
1.2203	0.198228
1.22142	0.198216
1.22877	0.198134
1.22998	0.198121
1.23363	0.198079
1.23391	0.198075
1.23597	0.198051
1.2364	0.198046
1.24122	0.197989
1.24277	0.197971
1.24946	0.197889
1.2526	0.19785
1.25439	0.197828
1.25618	0.197805
1.25859	0.197775
1.26032	0.197752
1.26037	0.197752
1.26499	0.197692
1.26577	0.197682
1.2673	0.197661
1.26962	0.197631
1.27007	0.197625
1.27636	0.19754
1.27895	0.197504
1.27978	0.197493
1.28024	0.197486
1.29484	0.197279
1.29518	0.197274
1.29899	0.197218
1.29967	0.197209
1.30525	0.197125
1.30644	0.197107
1.31016	0.197051
1.31592	0.196962
1.31727	0.196941
1.31748	0.196938
1.32078	0.196886
1.32732	0.196782
1.32824	0.196767
1.32913	0.196752
1.33404	0.196672
1.33537	0.19665
1.33547	0.196649
1.33662	0.19663
1.33742	0.196617
1.33772	0.196612
1.34344	0.196516
1.34472	0.196494
1.34577	0.196476
1.34682	0.196458
1.34826	0.196434
1.34943	0.196414
1.35038	0.196398
1.35134	0.196381
1.35292	0.196354
1.3604	0.196223
1.36192	0.196196
1.36376	0.196163
1.36501	0.196141
1.36677	0.196109
1.36716	0.196102
1.37168	0.19602
1.37412	0.195976
1.38039	0.19586
1.38112	0.195846
1.38266	0.195818
1.38628	0.195749
1.38694	0.195737
1.38737	0.195729
1.38742	0.195728
1.3889	0.1957
1.39013	0.195676
1.39187	0.195643
1.39261	0.195629
1.39682	0.195548
1.40169	0.195453
1.40458	0.195396
1.40519	0.195384
1.40709	0.195346
1.40757	0.195336
1.40771	0.195333
1.41133	0.195261
1.4128	0.195232
1.41423	0.195203
1.41569	0.195173
1.41781	0.19513
1.42518	0.194979
1.42928	0.194893
1.42978	0.194883
1.43273	0.194821
1.43366	0.194801
1.43384	0.194797
1.44727	0.194509
1.44932	0.194465
1.4642	0.194135
1.46751	0.19406
1.4695	0.194014
1.47146	0.19397
1.47181	0.193962
1.47243	0.193948
1.47335	0.193927
1.47518	0.193884
1.47528	0.193882
1.47722	0.193837
1.48002	0.193772
1.48271	0.19371
1.48541	0.193646
1.48691	0.193611
1.48909	0.19356
1.49318	0.193463
1.49651	0.193383
1.49721	0.193366
1.4975	0.193359
1.50039	0.193289
1.50421	0.193197
1.50544	0.193167
1.50687	0.193132
1.50944	0.193069
1.5106	0.19304
1.51797	0.192857
1.518	0.192856
1.51932	0.192823
1.5254	0.192671
1.5256	0.192665
1.5298	0.192559
1.53447	0.192439
1.53637	0.19239
1.53726	0.192367
1.53847	0.192336
1.54445	0.19218
1.5468	0.192119
1.54825	0.19208
1.55344	0.191943
1.55553	0.191888
1.55849	0.191809
1.55952	0.191781
1.56477	0.191639
1.56578	0.191612
1.56782	0.191557
1.57364	0.191398
1.57505	0.191359
1.57743	0.191294
1.57947	0.191237
1.57994	0.191224
1.58281	0.191144
1.58301	0.191139
1.58386	0.191115
1.59025	0.190936
1.59345	0.190846
1.59406	0.190828
1.59434	0.19082
1.59539	0.19079
1.59824	0.190709
1.60134	0.190621
1.60359	0.190556
1.60542	0.190503
1.60692	0.19046
1.607	0.190458
1.6099	0.190374
1.6114	0.19033
1.61363	0.190265
1.6149	0.190228
1.61685	0.190171
1.61761	0.190149
1.61977	0.190085
1.62012	0.190075
1.62305	0.189988
1.62354	0.189974
1.62465	0.189941
1.62827	0.189833
1.62859	0.189824
1.62869	0.189821
1.62904	0.18981
1.62942	0.189799
1.63125	0.189744
1.63221	0.189715
1.63511	0.189629
1.63654	0.189585
1.63763	0.189552
1.64007	0.189479
1.655	0.189021
1.65743	0.188946
1.65775	0.188936
1.6593	0.188888
1.66167	0.188814
1.66182	0.188809
1.66263	0.188784
1.66288	0.188776
1.66562	0.18869
1.66788	0.188619
1.66928	0.188575
1.66985	0.188557
1.67114	0.188516
1.67153	0.188504
1.6747	0.188403
1.6777	0.188308
1.6846	0.188087
1.68655	0.188024
1.68904	0.187943
1.69314	0.18781
1.69731	0.187674
1.69793	0.187654
1.69797	0.187653
1.69919	0.187613
1.70376	0.187462
1.70384	0.18746
1.70386	0.187459
1.70794	0.187324
1.71144	0.187208
1.71268	0.187166
1.71352	0.187138
1.71424	0.187114
1.71855	0.18697
1.71873	0.186964
1.71897	0.186956
1.72098	0.186888
1.72517	0.186747
1.72638	0.186706
1.72693	0.186687
1.73345	0.186465
1.73353	0.186462
1.74107	0.186203
1.74695	0.186
1.74749	0.185981
1.75237	0.185811
1.75753	0.18563
1.75829	0.185603
1.76085	0.185513
1.76277	0.185445
1.76563	0.185344
1.7668	0.185302
1.76767	0.185272
1.76841	0.185245
1.77021	0.185181
1.77142	0.185138
1.77215	0.185112
1.77218	0.185111
1.77429	0.185035
1.77825	0.184893
1.78127	0.184784
1.78211	0.184754
1.78419	0.184679
1.78459	0.184664
1.78581	0.18462
1.78611	0.184609
1.78672	0.184587
1.78706	0.184574
1.7886	0.184519
1.78896	0.184505
1.79188	0.184399
1.79299	0.184358
1.7975	0.184193
1.79904	0.184137
1.80005	0.1841
1.80554	0.183897
1.80722	0.183834
1.80904	0.183767
1.81148	0.183676
1.8159	0.183511
1.81663	0.183484
1.81827	0.183422
1.81876	0.183404
1.82199	0.183282
1.82555	0.183148
1.82833	0.183043
1.83094	0.182944
1.83218	0.182897
1.83762	0.182689
1.84369	0.182456
1.84469	0.182418
1.84491	0.182409
1.84536	0.182392
1.84881	0.182259
1.85323	0.182088
1.85453	0.182037
1.85626	0.181969
1.85789	0.181906
1.86663	0.181563
1.87177	0.181361
1.87558	0.18121
1.87737	0.181139
1.87937	0.18106
1.88283	0.180922
1.88394	0.180877
1.88453	0.180853
1.88789	0.180719
1.89534	0.180419
1.89799	0.180312
1.90148	0.180171
1.90505	0.180025
1.90816	0.179899
1.9103	0.179811
1.91087	0.179788
1.91201	0.179741
1.91273	0.179711
1.91495	0.17962
1.91949	0.179433
1.92149	0.179351
1.92231	0.179317
1.92334	0.179274
1.92478	0.179215
1.9249	0.17921
1.92986	0.179004
1.93484	0.178796
1.93488	0.178794
1.93524	0.178779
1.93585	0.178754
1.94026	0.178569
1.94029	0.178568
1.94471	0.178382
1.94583	0.178335
1.94608	0.178324
1.94737	0.17827
1.95477	0.177956
1.95705	0.177859
1.95728	0.17785
1.95789	0.177824
1.9596	0.177751
1.96157	0.177667
1.96254	0.177625
1.96262	0.177622
1.9663	0.177465
1.9681	0.177387
1.97095	0.177265
1.97141	0.177245
1.9763	0.177034
1.9778	0.176969
1.97789	0.176965
1.97913	0.176912
1.98174	0.176799
1.98186	0.176793
1.98624	0.176603
1.98635	0.176598
1.98805	0.176524
1.98837	0.17651
1.99501	0.17622
1.9957	0.176189
1.99726	0.176121
2.00085	0.175963
2.00248	0.175891
2.00387	0.17583
2.00586	0.175742
2.00653	0.175712
2.00673	0.175704
2.01211	0.175465
2.01264	0.175442
2.01335	0.17541
2.0146	0.175355
2.01697	0.175249
2.01715	0.175241
2.01763	0.17522
2.0192	0.17515
2.02011	0.175109
2.02496	0.174892
2.02784	0.174763
2.03881	0.174268
2.04153	0.174145
2.04436	0.174017
2.04583	0.17395
2.05172	0.173681
2.05391	0.173581
2.05442	0.173558
2.06044	0.173282
2.06652	0.173002
2.07115	0.172788
2.07174	0.172761
2.07246	0.172727
2.07395	0.172658
2.07444	0.172636
2.08087	0.172337
2.08417	0.172183
2.08509	0.17214
2.08695	0.172053
2.0894	0.171939
2.09087	0.17187
2.09223	0.171806
2.09431	0.171709
2.09796	0.171537
2.10038	0.171423
2.10583	0.171165
2.11122	0.17091
2.112	0.170872
2.1243	0.170286
2.12683	0.170165
2.12706	0.170154
2.1434	0.169367
2.14374	0.16935
2.14915	0.169088
2.15101	0.168998
2.15838	0.168638
2.16131	0.168495
2.16246	0.168439
2.16734	0.1682
2.17137	0.168001
2.17227	0.167957
2.17315	0.167914
2.17323	0.16791
2.17405	0.167869
2.17569	0.167789
2.18005	0.167574
2.1821	0.167472
2.18651	0.167253
2.18993	0.167084
2.19418	0.166872
2.19596	0.166783
2.20283	0.16644
2.20338	0.166413
2.22137	0.165508
2.22902	0.165121
2.23066	0.165037
2.23085	0.165028
2.23173	0.164983
2.23176	0.164981
2.23488	0.164823
2.24146	0.164487
2.24602	0.164254
2.25203	0.163946
2.25575	0.163755
2.2581	0.163635
2.25948	0.163564
2.26443	0.163308
2.26705	0.163173
2.27686	0.162665
2.2825	0.162371
2.28482	0.16225
2.28541	0.16222
2.29636	0.161648
2.29717	0.161605
2.30066	0.161422
2.30431	0.16123
2.30514	0.161186
2.30897	0.160985
2.30972	0.160946
2.3128	0.160783
2.31454	0.160691
2.31609	0.160609
2.3219	0.160302
2.32219	0.160287
2.32559	0.160106
2.32862	0.159946
2.33838	0.159426
2.34117	0.159277
2.34354	0.15915
2.34918	0.158849
2.3519	0.158703
2.35323	0.158631
2.35524	0.158523
2.3556	0.158504
2.35979	0.158279
2.36389	0.158058
2.36523	0.157986
2.37305	0.157564
2.37591	0.157409
2.37601	0.157404
2.39282	0.15649
2.39838	0.156187
2.39931	0.156136
2.4047	0.155841
2.41052	0.155523
2.41089	0.155502
2.41616	0.155213
2.41673	0.155182
2.4218	0.154903
2.42669	0.154633
2.42785	0.154569
2.42922	0.154494
2.42934	0.154487
2.43133	0.154377
2.43243	0.154316
2.43593	0.154123
2.43797	0.15401
2.43941	0.15393
2.4424	0.153765
2.44622	0.153553
2.44828	0.153438
2.45168	0.153249
2.4543	0.153104
2.4616	0.152696
2.46196	0.152676
2.46296	0.152621
2.46494	0.15251
2.46503	0.152505
2.46913	0.152276
2.47311	0.152053
2.47468	0.151965
2.47528	0.151932
2.47712	0.151829
2.47747	0.151809
2.47759	0.151802
2.48062	0.151632
2.48273	0.151513
2.49122	0.151036
2.49275	0.15095
2.49409	0.150874
2.49448	0.150852
2.49671	0.150727
2.49901	0.150597
2.49972	0.150557
2.50031	0.150524
2.50151	0.150456
2.50655	0.150171
2.50779	0.150101
2.51111	0.149913
2.51199	0.149863
2.51235	0.149843
2.51348	0.149778
2.51565	0.149656
2.51689	0.149585
2.52289	0.149245
2.52773	0.148969
2.53629	0.148482
2.53898	0.148328
2.54319	0.148088
2.54453	0.148011
2.54553	0.147954
2.54589	0.147934
2.54728	0.147854
2.54965	0.147719
2.55634	0.147336
2.55789	0.147247
2.56596	0.146783
2.56962	0.146573
2.57313	0.146371
2.57323	0.146365
2.57555	0.146232
2.5761	0.1462
2.5784	0.146068
2.58107	0.145913
2.59142	0.145316
2.59362	0.145189
2.59388	0.145174
2.60114	0.144753
2.60745	0.144388
2.61908	0.143712
2.62659	0.143275
2.62815	0.143184
2.65472	0.141631
2.65601	0.141556
2.65605	0.141553
2.6562	0.141544
2.66417	0.141077
2.66651	0.140939
2.67765	0.140285
2.68122	0.140075
2.68621	0.13978
2.69023	0.139544
2.7014	0.138884
2.70178	0.138862
2.70573	0.138628
2.71161	0.138281
2.71382	0.13815
2.71768	0.137921
2.7261	0.137423
2.7262	0.137416
2.72655	0.137396
2.7275	0.13734
2.73135	0.137111
2.73479	0.136907
2.73912	0.13665
2.74434	0.136339
2.74622	0.136227
2.7498	0.136015
2.7503	0.135985
2.75107	0.135939
2.75699	0.135586
2.76224	0.135274
2.7665	0.13502
2.77051	0.134781
2.7729	0.134638
2.77405	0.13457
2.7754	0.134489
2.77938	0.134251
2.78069	0.134173
2.79194	0.133501
2.79992	0.133023
2.80133	0.132938
2.81083	0.13237
2.81361	0.132203
2.83018	0.131209
2.84077	0.130573
2.84091	0.130565
2.84747	0.13017
2.85165	0.129919
2.85453	0.129746
2.86459	0.12914
2.86552	0.129085
2.86691	0.129
2.86727	0.128979
2.87331	0.128616
2.87373	0.12859
2.87427	0.128557
2.87938	0.12825
2.88236	0.12807
2.88239	0.128068
2.88708	0.127786
2.89164	0.127511
2.89728	0.127171
2.8982	0.127115
2.89984	0.127016
2.90302	0.126824
2.90305	0.126822
2.90312	0.126818
2.90775	0.126539
2.9078	0.126536
2.90998	0.126404
2.9105	0.126373
2.91342	0.126197
2.92436	0.125536
2.92662	0.125399
2.93019	0.125184
2.94359	0.124374
2.94468	0.124308
2.94774	0.124123
2.9492	0.124035
2.95177	0.123879
2.9614	0.123298
2.96401	0.12314
2.9697	0.122796
2.97184	0.122666
2.97301	0.122596
2.98066	0.122133
2.98501	0.12187
2.98518	0.121859
2.98588	0.121817
2.9893	0.12161
2.98943	0.121603
2.98953	0.121597
2.99146	0.12148
2.99474	0.121281
2.99621	0.121192
2.9965	0.121175
2.99969	0.120982
3.00049	0.120934
3.00537	0.120639
3.00789	0.120486
3.02149	0.119663
3.0234	0.119548
3.0236	0.119536
3.02527	0.119435
3.02757	0.119296
3.04206	0.11842
3.0466	0.118145
3.04733	0.118101
3.0486	0.118024
3.05056	0.117906
3.05288	0.117766
3.05922	0.117382
3.06008	0.117331
3.06667	0.116933
3.06741	0.116888
3.0686	0.116816
3.07399	0.11649
3.07469	0.116448
3.07484	0.116439
3.07674	0.116324
3.07728	0.116291
3.09061	0.115487
3.09562	0.115184
3.09617	0.115151
3.09992	0.114925
3.10894	0.114381
3.11397	0.114078
3.1152	0.114003
3.12043	0.113688
3.12419	0.113461
3.12684	0.113302
3.16097	0.111248
3.16946	0.110738
3.16975	0.110721
3.17385	0.110474
3.17691	0.110291
3.19144	0.109419
3.19286	0.109334
3.1933	0.109307
3.1972	0.109074
3.20218	0.108775
3.21241	0.108163
3.22001	0.107709
3.22064	0.107671
3.22087	0.107657
3.22317	0.10752
3.22443	0.107444
3.23627	0.106738
3.23871	0.106592
3.23895	0.106578
3.24924	0.105964
3.2643	0.105068
3.27668	0.104332
3.28	0.104135
3.28065	0.104096
3.28079	0.104088
3.28598	0.10378
3.28747	0.103692
3.30476	0.102668
3.31368	0.10214
3.31499	0.102063
3.3243	0.101514
3.32703	0.101352
3.33178	0.101072
3.33586	0.100832
3.34102	0.100529
3.3453	0.100277
3.35417	0.0997553
3.3547	0.0997246
3.35761	0.0995533
3.35966	0.0994336
3.36453	0.0991477
3.37004	0.0988249
3.37309	0.0986465
3.37608	0.0984716
3.37984	0.0982515
3.3876	0.0977982
3.39089	0.0976062
3.41349	0.0962905
3.41406	0.0962573
3.41516	0.0961933
3.4344	0.0950784
3.43894	0.0948158
3.44036	0.0947334
3.44242	0.0946141
3.44589	0.094414
3.44995	0.0941799
3.45974	0.0936154
3.46774	0.0931553
3.46959	0.0930492
3.47904	0.0925069
3.47905	0.0925062
3.50117	0.0912409
3.50273	0.0911523
3.50355	0.0911052
3.51409	0.0905052
3.51815	0.0902743
3.5207	0.0901295
3.52137	0.0900913
3.52859	0.0896817
3.5423	0.0889056
3.54417	0.0888
3.55403	0.0882439
3.5554	0.0881666
3.55874	0.0879784
3.56654	0.0875402
3.5692	0.0873907
3.57997	0.0867871
3.58611	0.0864435
3.59037	0.0862057
3.59171	0.0861309
3.59236	0.0860944
3.59528	0.0859316
3.60378	0.0854583
3.60715	0.0852709
3.60803	0.0852218
3.6161	0.0847742
3.61703	0.0847223
3.62493	0.084285
3.62526	0.0842671
3.63442	0.0837611
3.65162	0.0828141
3.65726	0.0825051
3.66256	0.0822148
3.66592	0.0820306
3.6704	0.0817862
3.67768	0.0813893
3.68084	0.0812168
3.68361	0.0810664
3.68792	0.0808321
3.70304	0.0800123
3.70696	0.0798007
3.71039	0.0796158
3.71118	0.0795728
3.71129	0.0795672
3.71458	0.0793898
3.72145	0.0790198
3.72541	0.0788074
3.72553	0.0788009
3.72733	0.0787044
3.74441	0.0777901
3.76137	0.0768874
3.76139	0.0768865
3.76874	0.0764967
3.76985	0.0764378
3.77723	0.0760478
3.78681	0.0755427
3.78874	0.0754414
3.81424	0.0741056
3.81831	0.0738937
3.81879	0.073869
3.81933	0.0738408
3.82023	0.0737938
3.82064	0.0737723
3.83615	0.0729679
3.8439	0.0725672
3.84703	0.0724061
3.85269	0.0721148
3.85768	0.0718585
3.86842	0.0713078
3.8765	0.0708955
3.88337	0.0705457
3.88543	0.0704408
3.90053	0.0696759
3.90292	0.069555
3.91182	0.0691064
3.91745	0.0688236
3.92272	0.0685593
3.9292	0.0682349
3.93645	0.0678735
3.94199	0.0675975
3.94631	0.0673833
3.95308	0.0670473
3.9533	0.0670365
3.95815	0.0667966
3.96829	0.0662971
3.97164	0.0661321
3.97434	0.0659996
3.97679	0.0658796
3.98889	0.065288
3.99907	0.0647922
4.00429	0.0645391
4.03649	0.0629884
4.04237	0.0627079
4.04641	0.0625151
4.05591	0.0620637
4.06442	0.061661
4.06891	0.0614493
4.0701	0.0613929
4.07651	0.0610915
4.07667	0.061084
4.08593	0.0606498
4.0868	0.060609
4.09589	0.0601847
4.09838	0.0600689
4.10206	0.0598977
4.11971	0.0590812
4.12539	0.0588197
4.12784	0.0587071
4.14157	0.0580792
4.15053	0.0576713
4.15245	0.0575841
4.17389	0.0566159
4.19294	0.0557642
4.1975	0.0555612
4.19858	0.0555131
4.20272	0.0553299
4.20937	0.0550356
4.24429	0.0535068
4.24494	0.0534786
4.25787	0.0529195
4.26171	0.0527542
4.27603	0.0521403
4.2981	0.0512032
4.32683	0.0499995
4.32794	0.0499534
4.34561	0.0492224
4.35768	0.048727
4.36545	0.0484101
4.39863	0.0470709
4.40373	0.0468669
4.42723	0.0459361
4.44867	0.0450974
4.45454	0.0448692
4.45497	0.0448526
4.45931	0.0446848
4.50543	0.0429262
4.51968	0.0423924
4.53615	0.0417811
4.5476	0.0413596
4.57394	0.0404011
4.58879	0.0398675
4.63664	0.0381812
4.638	0.038134
4.66153	0.0373239
4.67634	0.0368204
4.69738	0.0361132
4.71542	0.0355145
4.71831	0.0354192
4.78106	0.0333958
4.81769	0.0322539
4.83757	0.0316462
4.84218	0.0315064
4.84458	0.031434
4.84684	0.0313658
4.84816	0.0313259
4.8572	0.0310543
4.85729	0.0310517
4.85967	0.0309804
4.86214	0.0309067
4.88159	0.0303301
4.91292	0.0294183
4.93391	0.028819
4.93913	0.0286712
4.94299	0.0285624
4.95868	0.0281233
5.07229	0.0250919
5.09839	0.0244318
5.12417	0.0237929
5.13081	0.0236304
5.13647	0.0234927
5.14439	0.0233008
5.18757	0.0222761
5.19386	0.0221298
5.22429	0.0214325
5.24835	0.0208932
5.30581	0.0196482
5.3325	0.0190901
5.34025	0.0189302
5.36271	0.0184734
5.47193	0.0163744
5.55891	0.0148431
5.57513	0.0145706
5.65809	0.0132402
5.68888	0.0127724
5.79911	0.0112072
5.88312	0.0101237
5.92362	0.00963332
5.92644	0.00959992
5.94577	0.00937374
6.01921	0.00855424
6.01924	0.00855392
6.05463	0.00818111
6.07177	0.00800549
6.09851	0.00773798
6.10523	0.00767189
6.18847	0.00689269
6.21423	0.00666562
6.21634	0.00664727
6.29738	0.00597573
6.37024	0.00542245
6.49196	0.00459645
6.56714	0.00414272
6.68169	0.00352645
6.90974	0.00253415
7.57601	0.000895829
7.62082	0.00083209
